# Created by Octave 5.1.0, Fri May 24 03:07:55 2019 -03 <pedrovdsc@pedrovdsc>
# name: A
# type: sparse matrix
# nnz: 35185
# rows: 5177
# columns: 5177
1 1 -4.4424238623592101e-06
2225 1 8.8017984895848079e-07
2227 1 7.8741499467650493e-07
2228 1 2.75437236744841e-06
2 2 -4.5877803389718619e-06
206 2 3.7978367391202289e-07
207 2 3.0324738087846799e-06
210 2 1.1332550785375141e-06
3 3 -5.6424230989745971e-06
960 3 3.7978367391202162e-07
962 3 6.4619856043797228e-07
963 3 4.5725850842858844e-06
4 4 -1.4354222909923581e-05
270 4 -1.1318564760805211e-06
274 4 -2.1427979187063369e-06
275 4 6.3879550410386547e-06
306 4 4.2208656536502506e-06
325 4 3.0627632364024031e-06
2656 4 3.9349588824202539e-06
5 5 -9.960040934971429e-06
378 5 1.023533795664673e-06
380 5 2.5364592538761852e-07
381 5 1.52056419477987e-06
382 5 5.2207923384716711e-06
415 5 1.9223491665362452e-06
6 6 -1.2113448219580719e-05
807 6 1.50407126793102e-07
811 6 -1.845787483082732e-06
812 6 7.2192573227847629e-06
2968 6 7.4907645496199902e-07
2972 6 5.8183273611432022e-06
7 7 -1.0886035038285609e-05
517 7 1.687031171558949e-06
520 7 4.4240004733384801e-06
581 7 3.5090906319086821e-06
760 7 1.247703544355911e-06
8 8 -1.302925108187185e-05
739 8 -4.521793726113914e-06
744 8 5.6367418184007216e-06
764 8 6.5008016311866337e-06
1237 8 2.8090201070431781e-07
1238 8 1.699078725148916e-06
1239 8 3.409921955081625e-06
9 9 -1.379987282704978e-05
1318 9 1.741293982572366e-07
1323 9 -1.66978420719268e-06
1324 9 5.93831272250243e-06
1354 9 -2.343449231657416e-06
1355 9 7.420145205748572e-06
1391 9 4.2575955863993324e-06
10 10 -1.1338219279356849e-05
450 10 -1.197638962404889e-06
453 10 4.3579770138355282e-07
454 10 5.9743777319317919e-06
486 10 3.23276824180828e-06
4330 10 2.8817865777480779e-06
11 11 -1.2261439898502449e-05
691 11 1.058689939581523e-06
694 11 -1.9815928670410771e-06
695 11 5.3752896316929257e-06
726 11 3.7007175611481521e-06
1265 11 4.1014476391901571e-06
12 12 -9.5379460005477861e-06
1269 12 2.2288764441867801e-06
1272 12 2.264487925076132e-06
1670 12 3.295613357215436e-06
1712 12 1.742001162505948e-06
13 13 -9.4808309321294054e-06
627 13 2.675118883315812e-06
628 13 2.3670228204974232e-06
631 13 2.5542088777681758e-06
875 13 1.8731628045886901e-06
14 14 -1.223304803548222e-05
848 14 -1.652398991071712e-06
851 14 4.0867779844889229e-07
852 14 6.4316308112648058e-06
879 14 3.452759793034622e-06
2476 14 3.5806842623423501e-06
15 15 -1.1919505052503959e-05
1743 15 1.0822677928922639e-06
1746 15 -1.969953542558113e-06
1747 15 5.2001039152977917e-06
1777 15 3.2497915942357009e-06
2530 15 4.3441655393254693e-06
16 16 -5.6711306801021726e-06
1941 16 3.8289526073447456e-06
1963 16 1.8273979893618879e-06
17 17 -1.1252105118863921e-05
927 17 1.0390499278026559e-06
932 17 3.180856215603026e-06
2148 17 -1.736403744638985e-06
2149 17 5.4537792867634763e-06
2355 17 3.2780785908742549e-06
18 18 -1.246586152287803e-05
997 18 -2.902069707595537e-06
998 18 4.9752631786658684e-06
1002 18 1.100519736403091e-06
1003 18 4.723549921339179e-06
3014 18 4.5685983940654287e-06
19 19 -1.1493162385752219e-05
2050 19 -1.183108992109945e-06
2052 19 3.7568242331142108e-06
2078 19 1.183108992109919e-06
2079 19 4.0481751707642058e-06
2177 19 3.688162981873828e-06
20 20 -9.6257410537879174e-06
1481 20 2.4243789955763061e-06
1484 20 2.6959052560091822e-06
2623 20 7.4840458864290915e-07
2624 20 3.7570522135595209e-06
21 21 -1.2726156644985591e-05
1085 21 -2.9704659776638582e-06
1087 21 4.5813915867591546e-06
1108 21 5.1177562534950433e-06
2282 21 7.8741499467650514e-07
2284 21 5.1697327973425368e-06
22 22 -9.2827910827230188e-06
1061 22 2.637832710448666e-06
1063 22 1.2372232926545339e-06
1064 22 3.757634724664203e-06
1091 22 1.6109256090952909e-06
23 23 -1.171896506497134e-05
202 23 -2.0833574488802951e-06
204 23 3.2166125274178088e-06
234 23 1.2372232926545449e-06
235 23 2.2937065857866448e-06
236 23 7.0167231176966956e-06
24 24 -1.153788653887963e-05
2716 24 -2.1206456010431599e-06
2718 24 3.8834496057256516e-06
2741 24 6.4619856043797651e-07
2742 24 3.6391061182596609e-06
2743 24 5.4534292842186464e-06
25 25 -1.246346572134814e-05
300 25 -2.701698314178945e-06
301 25 4.7214724117041271e-06
2720 25 5.5632714795223391e-06
2723 25 1.762804004682486e-06
5172 25 3.0890091775697259e-06
26 26 -1.098260378905584e-05
408 26 1.712977911978461e-07
409 26 3.47325876959765e-06
410 26 6.1400092948338693e-07
2660 26 2.9233486364623329e-06
5173 26 3.7835794059645869e-06
27 27 -9.5006628484261078e-06
1394 27 2.087478162675511e-06
1397 27 1.914146354741949e-06
1439 27 3.6813255682993899e-06
1541 27 1.8004906467972371e-06
28 28 -1.437833456719488e-05
480 28 -2.7551623704062819e-06
481 28 5.1786144871816466e-06
1522 28 -2.2285906236145911e-06
1524 28 8.1060140478261534e-06
1545 28 4.0290812704118419e-06
5174 28 2.035129279403326e-06
29 29 -1.2022693352567779e-05
3817 29 -1.867532601878502e-06
3819 29 4.2840450980113713e-06
3846 29 5.8914077504469877e-07
3847 29 6.2023979965163039e-06
4334 29 2.8046014404117388e-06
30 30 -1.063270507441379e-05
720 30 9.0919028594436659e-07
722 30 4.2907831582905642e-06
3821 30 2.847866286433759e-06
3824 30 2.5772503426586659e-06
31 31 -1.1398479329910821e-05
1691 31 -1.9797054653553478e-06
1693 31 1.2596913902555491e-06
1694 31 2.3403366181067981e-06
1695 31 6.0495068916445463e-06
1716 31 3.7217066278613202e-06
32 32 -1.2795740609051131e-05
1858 32 1.2596913902556141e-06
1861 32 -1.991507463728821e-06
1862 32 2.906169563567748e-06
1863 32 5.797908225879773e-06
1894 32 4.8144517009448898e-06
33 33 -9.5527743043247162e-06
1898 33 2.1940718225559022e-06
1901 33 2.8229442372160759e-06
3144 33 1.1119735220361899e-06
3145 33 3.4120488245460751e-06
34 34 -9.9810389099670315e-06
3200 34 1.6896176487032249e-06
3202 34 1.7680596896531859e-06
4359 34 1.111973522036214e-06
4361 34 5.3961323966572274e-06
35 35 -1.3654542975961851e-05
2024 35 -1.374561256524415e-06
2025 35 3.64211438175358e-06
3173 35 -2.7406745841374531e-06
3175 35 7.6826413416790645e-06
3206 35 4.5087342737904688e-06
5176 35 1.920122356775843e-06
36 36 -1.077246159164391e-05
1993 36 -5.4901364812623302e-07
1996 36 5.4879302883755439e-07
1997 36 5.7102704582950093e-06
2030 36 2.469136004902096e-06
3338 36 2.5799284264678879e-06
37 37 -1.22460913758107e-05
622 37 -1.097174103550946e-06
624 37 3.651382981319413e-06
659 37 -1.4562752058859371e-07
660 37 6.6985215441902111e-06
3342 37 3.128721455305287e-06
38 38 -1.086397836710871e-05
1771 38 8.0642803886427227e-07
1773 38 3.5862451203936432e-06
2478 38 2.9121253034390439e-06
2481 38 3.547941961001329e-06
39 39 -1.1047059882598169e-05
2534 39 -1.2665572927615101e-06
2535 39 4.9670007919837856e-06
2538 39 2.374211996767358e-06
2565 39 3.197082305734195e-06
3079 39 1.7598490830896579e-06
40 40 -1.152329459890622e-05
3057 40 -6.9793268505344016e-07
3060 40 6.9793268505343921e-07
3061 40 7.7735887863894896e-06
3083 40 2.4577817681430981e-06
3234 40 1.2718091472535461e-06
41 41 -9.4734571471308265e-06
1957 41 1.335607816339509e-06
1959 41 1.8273979893618871e-06
3100 41 2.6427564325166679e-06
3236 41 1.6718041806535511e-06
3239 41 1.9697418323069852e-06
42 42 -1.1431593754088069e-05
2302 42 -1.25962847916181e-06
2304 42 3.7000653806008231e-06
2322 42 3.1901980411007939e-06
2980 42 7.4907645496199902e-07
2982 42 5.0286462093558163e-06
43 43 -1.197248317697319e-05
2112 43 1.8738445156129361e-06
2115 43 -2.4880605520640348e-06
2116 43 6.0047195935370457e-06
2308 43 2.4404369014390069e-06
2331 43 4.1128290986484199e-06
44 44 -9.3606169883438217e-06
910 44 1.0390499278026629e-06
917 44 7.7755571073490605e-07
2069 44 1.8355847720869639e-06
2071 44 4.0481751707642338e-06
2335 44 1.6247685465843889e-06
45 45 -1.078114158344678e-05
2358 45 1.4285599621148291e-06
2361 45 1.5416748462352501e-06
2393 45 -1.120716179590698e-06
2394 45 5.3828516083807603e-06
2409 45 3.5184586933011128e-06
46 46 -9.9932370314503239e-06
158 46 9.0263564149284448e-07
162 46 1.2390100459674969e-06
2413 46 2.397742513710359e-06
2441 46 9.5881599701645736e-07
2445 46 4.4717151666928197e-06
47 47 -1.3520193581130141e-05
511 47 -1.39030021858887e-06
513 47 5.8143006919274194e-06
546 47 1.396052799983327e-06
2453 47 9.5881599701645736e-07
2455 47 6.7233869206547919e-06
48 48 -9.6288096776105874e-06
2209 48 8.8017984895848037e-07
2214 48 1.9730846408683621e-06
2215 48 4.7416175577889236e-06
2680 48 2.0339276299948202e-06
49 49 -1.174876861234714e-05
2674 49 -2.1725351991551581e-06
2676 49 4.206462829149985e-06
2698 49 4.0775678516824664e-06
3016 49 3.9707444441999868e-06
3019 49 1.666528686469855e-06
50 50 -9.1099339586339452e-06
1192 50 1.8738445156129211e-06
1193 50 1.9305695619389701e-06
1194 50 2.5696867508430021e-06
2101 50 1.5867197240306479e-06
5175 50 1.149113406208403e-06
51 51 -1.200073933065891e-05
2056 51 1.835584772086963e-06
2059 51 2.5737152410042789e-06
2095 51 -2.4880605520640082e-06
2097 51 4.0747802760946216e-06
2122 51 6.0047195935370567e-06
52 52 -1.352542123518778e-05
903 52 -2.091174303581434e-06
906 52 2.868730014316407e-06
940 52 5.2720305191844414e-06
2139 52 2.6045630312847101e-06
2173 52 4.8712719739836553e-06
53 53 -1.144659731966308e-05
2133 53 -1.736403744638906e-06
2135 53 4.3409667759236021e-06
2157 53 1.428559962114828e-06
2158 53 5.4537792867634492e-06
2384 53 1.959695039500106e-06
54 54 -1.1064505581203619e-05
142 54 9.0263564149284406e-07
145 54 2.8193232918298951e-06
2378 54 -1.120716179590724e-06
2380 54 3.0804112190908518e-06
2400 54 5.3828516083807578e-06
55 55 -9.6087408714526033e-06
533 55 1.6870311715589479e-06
537 55 5.7525813943403724e-09
572 55 8.8850148115660932e-07
2940 55 4.8635859066717401e-07
2941 55 4.6485315986711543e-06
3935 55 1.892565448004378e-06
56 56 -9.3379306209877629e-06
3605 56 9.0688589323612771e-07
3607 56 1.3107998590253589e-06
4133 56 1.051165499229639e-06
4135 56 4.1730508809360066e-06
4987 56 1.896028488560629e-06
57 57 -9.4857044484476185e-06
2914 57 7.4840458864290915e-07
2915 57 2.396337109409416e-06
4501 57 2.6200799026371402e-06
4502 57 9.6556833279441549e-07
5177 57 2.755314514963738e-06
58 58 -1.259305000944597e-05
1475 58 -2.113479752388512e-06
1477 58 4.8093850083976963e-06
1512 58 1.335607816339509e-06
1513 58 4.7325843297525248e-06
1945 58 3.8289526073447456e-06
59 59 -1.854367436311023e-05
3316 59 1.572297543044598e-06
3317 59 2.458555528970544e-06
3431 59 2.1434153811759312e-06
3432 59 2.3501964569915349e-06
3435 59 2.570301039292886e-06
3495 59 4.071945297434983e-06
4777 59 3.376963116199755e-06
60 60 -1.8074576275109571e-05
280 60 2.6378327104486609e-06
281 60 2.8578337294523459e-06
282 60 2.0197740975251711e-06
287 60 2.163994674225284e-06
288 60 3.1133006462517881e-06
1099 60 2.147290275831186e-06
2847 60 3.1345501413751419e-06
61 61 -2.6239135199734191e-05
1041 61 -2.3051994432334708e-06
1045 61 5.1630331726858299e-06
1072 61 -2.487316189815733e-06
1073 61 8.5501503577133891e-06
1132 61 4.7810227756023613e-06
2257 61 -2.8597923483838109e-06
2258 61 6.3430876782629104e-06
2732 61 2.8615731653433942e-06
2734 61 6.1925760315593151e-06
62 62 -1.881768166189687e-05
332 62 2.163994674225284e-06
338 62 1.57063375365021e-06
2648 62 4.1356994715041722e-06
2689 62 1.9730846408683621e-06
2691 62 1.9050326525273041e-06
2771 62 3.2049913314014409e-06
2793 62 3.8642451377200999e-06
63 63 -2.3139452483766679e-05
225 63 -7.7524414395847267e-07
226 63 3.80771795274314e-06
971 63 -1.3059575116340069e-06
972 63 6.6537867398783588e-06
2246 63 -1.397424818148535e-06
2248 63 4.9450636298936354e-06
2249 63 4.8807201480276001e-06
2265 63 6.3307904869649637e-06
64 64 -2.829300274173772e-05
2201 64 -1.760359697916961e-06
2204 64 -1.7736340825815709e-06
2205 64 8.2756113382874485e-06
2236 64 -1.5884677568702209e-06
2237 64 6.1031998222355961e-06
2291 64 -1.320831772949637e-06
2292 64 8.0790323271623992e-06
2786 64 -2.1851914297442209e-06
2787 64 7.8230706500458784e-06
2853 64 6.6405733440690072e-06
65 65 -2.367440716107288e-05
559 65 -1.9837621245288469e-06
564 65 2.87226360568545e-06
589 65 5.9301006767748832e-06
752 65 3.129012693708869e-06
1228 65 9.0688589323630305e-07
1229 65 3.953609262774347e-06
3592 65 8.8662971534218752e-06
66 66 -2.2411055517506109e-05
2433 66 -1.924390783406347e-06
2437 66 1.3497200949759069e-06
2438 66 5.0463858551232557e-06
2462 66 1.5265365269539411e-06
2463 66 7.1212411771071652e-06
2948 66 -9.7271718133444565e-07
2949 66 4.0947122530514101e-06
3566 66 6.1695675750352196e-06
67 67 -2.313846511862567e-05
1174 67 -2.9886269589319571e-07
1175 67 2.8685494467362179e-06
1180 67 -8.0361621244086769e-07
1181 67 7.013367535893381e-06
2961 67 -1.5050820538154079e-06
2963 67 3.5538962072052381e-06
2964 67 5.47762193187581e-06
2988 67 6.8325909590644918e-06
68 68 -2.3660408672305131e-05
787 68 -8.8561384952846003e-07
791 68 2.5335095788905469e-06
820 68 -2.2010394728061812e-06
821 68 3.9277286105254466e-06
822 68 2.7502799947643649e-06
823 68 6.2394990543838164e-06
990 68 -1.1968443860165201e-06
992 68 8.1214337801619019e-06
1021 68 4.3714553619302122e-06
69 69 -2.2398316566115669e-05
859 69 2.1960572606662799e-06
864 69 -9.3713620228139464e-07
865 69 3.414881550726927e-06
866 69 3.7948063425047762e-06
2512 69 -2.0318721906518271e-06
2513 69 6.7332147834080659e-06
3680 69 4.4276538555964103e-06
3684 69 4.8007111661464322e-06
70 70 -1.938200349401593e-05
701 70 5.7548440674682038e-07
707 70 1.864595006555649e-06
708 70 3.524706421338497e-06
1659 70 1.849922427143469e-06
1660 70 1.8510716164972849e-06
1661 70 4.5879020949715357e-06
4427 70 5.1283215207626767e-06
71 71 -2.087010874560616e-05
1499 71 2.4243789955762189e-06
1503 71 -2.671215632679023e-06
1504 71 5.2903202100430414e-06
2615 71 2.4825824531019692e-06
3093 71 5.3139720651956867e-06
3725 71 1.6302891784563989e-06
3726 71 2.9957029505696482e-06
3973 71 3.4040785253422259e-06
72 72 -2.8118948360512649e-05
3997 72 -1.1543586783411861e-06
4001 72 -1.6358314436186109e-06
4002 72 7.0400526759658836e-06
4032 72 -1.9148096715129749e-06
4033 72 6.2977024478335151e-06
4182 72 -1.611774074215919e-06
4183 72 8.2786958447924965e-06
4237 72 -2.3311360423769628e-06
4238 72 7.1233087764101331e-06
4319 72 8.0270985255762723e-06
73 73 -1.8458647407901911e-05
1618 73 2.2768194961714788e-06
1619 73 2.4430526735623131e-06
1620 73 3.386445522340689e-06
1621 73 2.402496751396677e-06
1622 73 1.8076200537262499e-06
4210 73 2.8458994509833388e-06
4942 73 3.2963134597211599e-06
74 74 -1.8154479954499801e-05
3528 74 1.572297543044482e-06
3533 74 2.2130909222088321e-06
3534 74 3.652157346297558e-06
3787 74 2.378858308319343e-06
3789 74 2.3560700670653212e-06
3790 74 2.756687832238392e-06
4253 74 3.2253179353258729e-06
75 75 -2.549137568536032e-05
388 75 -3.3346624849708462e-06
389 75 4.5498805100440848e-06
396 75 -1.230459260857672e-06
397 75 7.7887832057060975e-06
1012 75 -7.2917174702460551e-07
1013 75 4.6999161912245837e-06
1014 75 2.0731934710703478e-06
2765 75 7.2688255633969131e-06
3656 75 4.4050702367714154e-06
76 76 -1.9030427995061781e-05
1753 76 1.9976035688386549e-07
1757 76 2.2673210218027168e-06
1758 76 2.0655793467439308e-06
1759 76 3.7004434992224399e-06
1760 76 3.767765861253538e-06
2504 76 3.2653515186806141e-06
2505 76 3.7642063904746739e-06
77 77 -2.4638636754962831e-05
649 77 -1.7998400021364411e-06
650 77 4.1668628226338389e-06
3675 77 -1.0214834047873309e-06
3677 77 7.6220345730701157e-06
3709 77 -1.2778567497517011e-06
3710 77 6.1641345531244574e-06
4376 77 -2.575379876601371e-07
4378 77 5.1834375221703143e-06
4393 77 5.8588854282997158e-06
78 78 -2.2606735026101199e-05
1647 78 -1.1100630834433521e-06
1651 78 -4.9734454898031582e-07
1652 78 6.1953097273944828e-06
1679 78 4.4056764406586631e-06
1703 78 -1.2454668855074979e-06
1704 78 5.3152683117963081e-06
1818 78 3.735130963060035e-06
1819 78 5.808224101122878e-06
79 79 -1.15594580819339e-05
1164 79 -1.37338447815059e-06
1166 79 1.100519736403091e-06
1167 79 1.7266891377192629e-06
1168 79 7.583135801603129e-06
1199 79 2.5224978843590021e-06
80 80 -1.1775817520536251e-05
135 80 -6.845551033949387e-07
137 80 3.503878395224826e-06
171 80 1.9235651493624342e-06
3558 80 4.8635859066719805e-07
3560 80 6.5465704886767283e-06
81 81 -1.206966246045152e-05
3582 81 -5.8176558897911036e-07
3585 81 5.8176558897911057e-07
3586 81 8.8662971534218803e-06
3611 81 1.892565448004378e-06
3931 81 1.310799859025267e-06
82 82 -2.3291790724591139e-05
2601 82 -2.735278238763969e-06
2606 82 5.2178606918658137e-06
2632 82 -1.4968091772857641e-06
2633 82 7.98913962960933e-06
2898 82 3.8931462866951892e-06
2902 82 2.14341538117581e-06
2903 82 4.2285182723090684e-06
3486 82 4.0517978789856584e-06
83 83 -2.249894541666588e-05
3294 83 -1.332219899838757e-06
3295 83 3.790775428809473e-06
3301 83 2.1339601838445438e-06
3302 83 4.5156531087747306e-06
3520 83 -1.7978149706703911e-06
3521 83 6.7821922168064937e-06
4605 83 4.6569138119513142e-06
4851 83 3.7494855369884738e-06
84 84 -2.013076416893617e-05
1299 84 -1.14157947579981e-06
1303 84 2.9993109466416562e-06
1332 84 1.640779140704303e-06
1333 84 5.4160768103253429e-06
4173 84 1.9391022269101611e-06
4175 84 4.752112099063362e-06
4701 84 4.5249624210911601e-06
85 85 -2.1674743358680701e-05
4022 85 -2.0262306932745209e-06
4023 85 4.9294411281492827e-06
4118 85 1.05116549922965e-06
4122 85 1.9391022269101992e-06
4123 85 3.3686436600444868e-06
4164 85 3.2285340979794509e-06
4487 85 2.9917990260688392e-06
4491 85 6.1922884135733102e-06
86 86 -1.80721446801879e-05
1362 86 1.640779140704296e-06
1367 86 2.087478162675583e-06
1368 86 3.4069117668983289e-06
1429 86 2.276819496171641e-06
1430 86 2.8639051876400559e-06
4052 86 2.6158522662807309e-06
4231 86 3.180398659817264e-06
87 87 -1.9163807223362449e-05
3771 87 2.378858308319329e-06
3776 87 2.26732102180286e-06
3777 87 3.5072684264319482e-06
3960 87 1.6302891784564709e-06
3964 87 4.7044601815869683e-06
4550 87 4.6756101067648714e-06
88 88 -2.3398285326670269e-05
3423 88 -1.5222611678066321e-06
3428 88 4.0925622070994741e-06
3457 88 4.3330980664425853e-06
4044 88 -2.8100287793333139e-06
4046 88 5.4258810456141596e-06
4066 88 5.2530814528955991e-06
4292 88 4.5658214621778072e-06
4313 88 4.0601310395805893e-06
89 89 -2.3093883894305991e-05
1598 89 -2.17187415812979e-06
1599 89 3.9794942118559539e-06
1603 89 -1.634965115129495e-06
1604 89 4.2328470271712666e-06
1605 89 3.2847287794252228e-06
1606 89 2.4914015472606538e-06
1607 89 4.7342508049435663e-06
4755 89 8.1780007969086125e-06
90 90 -2.2383180903269089e-05
2002 90 -2.6283668737471979e-06
2003 90 5.2345692768222121e-06
2004 90 2.2675531252292831e-06
2010 90 -1.4562752058851091e-07
2011 90 5.7100498390062253e-06
4078 90 4.9844369408125052e-06
4385 90 3.3125233309762472e-06
4386 90 3.6480427847583222e-06
91 91 -2.4709368600566919e-05
3836 91 -1.9195125328078549e-06
3837 91 4.3480057840174933e-06
4435 91 -1.2099128643566311e-06
4436 91 8.2577469179274075e-06
4462 91 -1.619019093542661e-06
4463 91 7.2409375734764427e-06
4886 91 2.0443512741603571e-08
4888 91 5.9926754367789362e-06
4904 91 3.5980038663321872e-06
92 92 -2.3253326359620388e-05
2889 92 -1.364944891532405e-06
2893 92 -2.725676948633467e-06
2894 92 8.3191401124749698e-06
2925 92 3.9850247941695251e-06
3445 92 5.0758734056250103e-06
3448 92 2.810836898635916e-06
4005 92 2.90321043487486e-06
4009 92 4.2498625540059801e-06
93 93 -2.7346944849940491e-05
2571 93 -2.6507651655295428e-06
2572 93 4.7163445122734609e-06
2579 93 1.930525012972684e-06
3069 93 -1.7690848236543061e-06
3070 93 3.4408890043078299e-06
3071 93 7.7735887863894913e-06
3733 93 -1.8142844766624379e-06
3734 93 6.5790722508864337e-06
4544 93 9.1406597489568792e-06
94 94 -2.8112675367986611e-05
3474 94 -1.561153813718256e-06
3479 94 -1.344585609453634e-06
3480 94 6.9575373021575582e-06
3504 94 -1.8123751862501661e-06
3505 94 7.4454742974034354e-06
3954 94 -1.446293880250603e-06
3956 94 -2.490667059638071e-06
3957 94 8.6414211214759417e-06
3979 94 6.1949580150463088e-06
4259 94 7.5283601812140978e-06
95 95 -1.8652677331994159e-05
3181 95 1.689617648703389e-06
3186 95 2.2130909222088448e-06
3187 95 2.6062024030750201e-06
3188 95 3.567405501016927e-06
4613 95 2.8590988412809352e-06
4842 95 2.4146377138745599e-06
4843 95 3.302624301834484e-06
96 96 -2.2785307905107552e-05
1417 96 -1.831507093693566e-06
1421 96 -1.74361021300974e-06
1422 96 6.4390224943435339e-06
1447 96 5.512832661993057e-06
1532 96 2.0342875289537521e-06
1533 96 3.1222610538052152e-06
4205 96 4.5895096639928411e-06
4950 96 4.6625118087224593e-06
97 97 -2.8164309614977431e-05
1215 97 -2.9491636708318899e-06
1220 97 -1.232006197493454e-06
1221 97 8.134779131100034e-06
1248 97 -1.3468302012308641e-06
1249 97 7.7059158271441236e-06
4110 97 -1.242726583186009e-06
4112 97 -1.9633947823074959e-06
4113 97 6.5747650255379936e-06
4141 97 6.6477836616152983e-06
4707 97 7.8351874046297025e-06
98 98 -2.518544100579706e-05
3698 98 -1.8838768780762129e-06
3699 98 5.1492283967568814e-06
3700 98 2.3957816649446179e-06
3763 98 -2.267049557000602e-06
3765 98 7.6581948615087209e-06
3797 98 -1.9321073988628009e-06
3798 98 6.9558447881020419e-06
4402 98 5.2446307298389841e-06
4404 98 3.8647943985854269e-06
99 99 -2.5743248300597379e-05
3282 99 -9.7566607335333058e-07
3287 99 -2.597678492355867e-06
3288 99 8.0889976744835997e-06
3326 99 -1.1472050080870301e-06
3327 99 5.4998341976399433e-06
3874 99 -1.399104665950452e-06
3875 99 4.7855501882911783e-06
3879 99 6.3763893437140001e-06
4286 99 7.1121311362153407e-06
100 100 -2.1740899005076879e-05
3865 100 -2.6082200881782131e-06
3869 100 2.1339601838445011e-06
3870 100 6.3869309395361959e-06
3894 100 5.0107168395747838e-06
4762 100 1.5138116780206041e-06
4763 100 4.3711615236493406e-06
5008 100 4.9325379286296658e-06
101 101 -1.8226116600146291e-05
1914 101 2.194071822555756e-06
1919 101 9.1466209983886824e-07
3134 101 1.5138116780206861e-06
3135 101 2.2777636424216929e-06
3136 101 3.0974204735300929e-06
4669 101 2.597881912041955e-06
4673 101 2.346221468978689e-06
5151 101 3.2842835027585469e-06
102 102 -2.3540401623609239e-05
3385 102 1.849922427143437e-06
3390 102 -2.3101330612835461e-06
3391 102 6.3941865337261748e-06
4452 102 -2.3108126201663458e-06
4453 102 4.6629114536808059e-06
4454 102 4.4120056155768218e-06
4922 102 4.8015346085441931e-06
4926 102 6.0407866663876984e-06
103 103 -1.9263607264871138e-05
459 103 2.0342875289537699e-06
460 103 2.42345211677512e-06
466 103 4.8749471463857989e-08
467 103 4.658796313857946e-06
4895 103 3.3521231443281441e-06
4896 103 2.3520988335145189e-06
4897 103 4.3940998559777869e-06
104 104 -1.0843631417097701e-05
4480 104 8.5960441527328821e-07
4483 104 -8.59604415273288e-07
4484 104 6.192288413573234e-06
4507 104 1.895710099690471e-06
4983 104 2.7556329038339949e-06
105 105 -2.58653890709369e-05
4830 105 -9.6380883418582342e-07
4834 105 -1.618206847613439e-06
4835 105 5.884639983633486e-06
4858 105 -1.6702418753331e-06
4859 105 6.3835362465073824e-06
5014 105 -1.392658240911736e-06
5015 105 7.9954380448744998e-06
5034 105 3.670421883333586e-06
5117 105 7.5762687106320399e-06
106 106 -2.5511853753234731e-05
1587 106 -9.8980690946938204e-07
1592 106 -2.4881848292344491e-06
1593 106 8.2122425436470948e-06
1631 106 -9.4527606309352701e-07
1632 106 5.2313964322838333e-06
4916 106 -1.313412687501071e-06
4917 106 4.6655358318293441e-06
4918 106 6.2181588754558198e-06
4956 106 6.9212005593170757e-06
107 107 -2.371017119729567e-05
3373 107 -2.4899319899298778e-06
3376 107 -1.453468854822372e-06
3377 107 4.7381976342475669e-06
3378 107 6.5739854623725887e-06
3406 107 4.341003606427579e-06
4646 107 3.2377864140797619e-06
4666 107 3.7996903238011241e-06
5082 107 4.9629086011192992e-06
108 108 -2.678278201200033e-05
3121 108 -2.3966361813828808e-06
3126 108 -1.2409145945966509e-06
3127 108 6.7349712495096903e-06
3153 108 -2.228369251125408e-06
3154 108 8.0370542570546405e-06
4367 108 -6.3856071326892281e-07
4368 108 8.2630623610511734e-06
4878 108 3.0531984271434621e-06
5111 108 7.1989764576152293e-06
109 109 -2.5936449645119078e-05
1809 109 -2.5219991836717491e-06
1810 109 4.8623358017786483e-06
1872 109 3.7109186250817588e-07
1873 109 7.9488155470433187e-06
5073 109 -1.9736349968282609e-06
5075 109 -8.637131636476167e-07
5076 109 7.8002567615950481e-06
5089 109 6.5363922124435809e-06
5157 109 3.776904803897937e-06
110 110 -2.170894087254718e-05
123 110 -6.8455510339493912e-07
130 110 9.0263564149281844e-07
131 110 4.5122952903058082e-06
152 110 9.0263564149281812e-07
156 110 6.3232016870548273e-06
2403 110 -1.120716179590698e-06
2407 110 4.9484563665015659e-06
2417 110 5.9249875286849817e-06
111 111 -1.083549697736058e-05
119 111 6.8455510339496475e-07
126 111 -6.845551033949387e-07
127 111 4.5122952903058344e-06
138 111 2.8193232918298951e-06
144 111 3.503878395224826e-06
112 112 -2.1854371244168969e-05
150 112 -6.845551033949386e-07
154 112 6.845551033949387e-07
155 112 6.3232016870548273e-06
165 112 1.923565149362471e-06
168 112 1.239010045967509e-06
3911 112 1.349720094975829e-06
3914 112 4.8248820300092534e-06
3920 112 6.1939922367990753e-06
113 113 -2.1670993954721271e-05
119 113 6.8455510339496475e-07
123 113 -6.8455510339496475e-07
124 113 6.3232016870547562e-06
135 113 -6.8455510339496485e-07
136 113 4.5122952903058344e-06
154 113 6.8455510339493838e-07
166 113 6.3232016870548468e-06
172 113 4.512295290305859e-06
114 114 -2.2121463074932042e-05
2346 114 -1.736403744638906e-06
2352 114 1.428559962114827e-06
2353 114 6.4329344153081564e-06
2364 114 1.4285599621148291e-06
2367 114 4.8311755507729506e-06
2373 114 -1.120716179590698e-06
2377 114 5.8172468502599513e-06
2390 114 5.0401062585909349e-06
115 115 -2.173079700403741e-05
2386 115 -1.1207161795906969e-06
2388 115 1.120716179590724e-06
2389 115 5.0401062585908977e-06
2395 115 1.120716179590698e-06
2396 115 5.3828516083807561e-06
2398 115 -1.120716179590724e-06
2399 115 5.3828516083807586e-06
2416 115 5.9249875286849952e-06
116 116 -2.1708940872547149e-05
126 116 -6.8455510339496485e-07
130 116 9.026356414928178e-07
142 116 9.0263564149284406e-07
143 116 4.5122952903058344e-06
146 116 6.3232016870548468e-06
2398 116 -1.120716179590698e-06
2415 116 4.9484563665015914e-06
2418 116 5.9249875286848817e-06
117 117 -2.167099395472121e-05
119 117 -6.8455510339496485e-07
123 117 6.8455510339496475e-07
124 117 6.3232016870547553e-06
126 117 6.8455510339496549e-07
127 117 4.5122952903058344e-06
130 117 -6.845551033949386e-07
131 117 4.5122952903058056e-06
146 117 6.3232016870547943e-06
118 118 -1.0835496977360651e-05
119 118 -6.845551033949387e-07
135 118 6.8455510339491276e-07
136 118 4.5122952903058344e-06
137 118 2.8193232918299489e-06
138 118 3.5038783952248958e-06
111 119 6.8455510339496475e-07
113 119 6.8455510339496475e-07
117 119 -6.8455510339496485e-07
118 119 -6.845551033949387e-07
119 119 -2.16709939547212e-05
124 119 4.512295290305859e-06
127 119 6.3232016870547536e-06
136 119 6.3232016870547206e-06
138 119 4.5122952903058344e-06
120 120 -1.089101653853347e-05
2402 120 1.120716179590698e-06
2405 120 -1.120716179590698e-06
2406 120 4.948456366501593e-06
2410 120 2.3977425137104039e-06
2412 120 3.5184586933010451e-06
121 121 -2.170894087254718e-05
150 121 -6.8455510339496475e-07
152 121 9.0263564149281801e-07
153 121 4.512295290305859e-06
158 121 9.0263564149284448e-07
159 121 6.3232016870547536e-06
2405 121 -1.120716179590724e-06
2411 121 4.948456366501593e-06
2414 121 5.9249875286849952e-06
122 122 -2.167099395472123e-05
123 122 6.8455510339496475e-07
150 122 6.8455510339496475e-07
152 122 -6.8455510339496475e-07
153 122 4.512295290305859e-06
154 122 -6.8455510339496517e-07
155 122 6.3232016870547553e-06
156 122 6.3232016870547536e-06
172 122 4.5122952903058624e-06
110 123 -6.8455510339493912e-07
113 123 -6.8455510339496475e-07
117 123 6.8455510339496475e-07
122 123 6.8455510339496475e-07
123 123 -2.167099395472119e-05
124 123 4.512295290305859e-06
131 123 6.3232016870547206e-06
156 123 4.5122952903058353e-06
172 123 6.3232016870547536e-06
113 124 6.3232016870547562e-06
117 124 6.3232016870547553e-06
119 124 4.512295290305859e-06
123 124 4.512295290305859e-06
124 124 -2.167099395472123e-05
125 125 -1.0835496977360651e-05
126 125 6.8455510339491276e-07
142 125 -6.845551033949387e-07
143 125 4.5122952903058344e-06
144 125 2.8193232918299489e-06
145 125 3.5038783952248958e-06
111 126 -6.845551033949387e-07
116 126 -6.8455510339496485e-07
117 126 6.8455510339496549e-07
125 126 6.8455510339491276e-07
126 126 -2.1670993954721281e-05
127 126 6.3232016870548273e-06
143 126 6.3232016870548451e-06
144 126 4.5122952903058344e-06
146 126 4.5122952903058073e-06
111 127 4.5122952903058344e-06
117 127 4.5122952903058344e-06
119 127 6.3232016870547536e-06
126 127 6.3232016870548273e-06
127 127 -2.1670993954721251e-05
128 128 -2.1746887790373099e-05
2393 128 -1.120716179590698e-06
2395 128 1.120716179590698e-06
2402 128 1.120716179590698e-06
2403 128 -1.120716179590698e-06
2404 128 5.9249875286849817e-06
2408 128 4.9484563665015676e-06
2419 128 5.9249875286849808e-06
2420 128 4.9484563665015659e-06
129 129 -2.1746887790373051e-05
130 129 -1.120716179590724e-06
2395 129 -1.120716179590698e-06
2398 129 1.120716179590724e-06
2403 129 1.120716179590724e-06
2415 129 4.9484563665015939e-06
2416 129 5.9249875286849444e-06
2417 129 5.9249875286849181e-06
2420 129 4.9484563665015659e-06
110 130 9.0263564149281844e-07
116 130 9.026356414928178e-07
117 130 -6.845551033949386e-07
129 130 -1.120716179590724e-06
130 130 -2.170894087254721e-05
131 130 6.3232016870549188e-06
146 130 4.5122952903058056e-06
2415 130 5.9249875286849181e-06
2417 130 4.9484563665015939e-06
110 131 4.5122952903058082e-06
117 131 4.5122952903058056e-06
123 131 6.3232016870547206e-06
130 131 6.3232016870549188e-06
131 131 -2.1670993954721251e-05
132 132 -1.097002494328055e-05
3544 132 -9.7271718133444755e-07
3547 132 4.8635859066719805e-07
3548 132 6.5221458269127921e-06
3553 132 4.8635859066718608e-07
3557 132 4.4478791163678218e-06
133 133 -2.1988899210088761e-05
3552 133 -9.7271718133438403e-07
3555 133 9.727171813344357e-07
3556 133 4.447879116367771e-06
3561 133 1.3497200949758271e-06
3562 133 6.1695675750351468e-06
3564 133 -1.3497200949758279e-06
3565 133 6.5465704886765454e-06
3913 133 4.8248820300092534e-06
134 134 -2.185437124416899e-05
135 134 6.8455510339496549e-07
154 134 -6.845551033949386e-07
166 134 6.3232016870547943e-06
168 134 1.9235651493624049e-06
171 134 1.239010045967469e-06
3561 134 1.349720094975905e-06
3916 134 4.8248820300092288e-06
3917 134 6.1939922367991583e-06
80 135 -6.845551033949387e-07
113 135 -6.8455510339496485e-07
118 135 6.8455510339491276e-07
134 135 6.8455510339496549e-07
135 135 -2.1670993954721281e-05
136 135 6.3232016870548451e-06
137 135 4.5122952903058344e-06
166 135 4.5122952903058073e-06
171 135 6.3232016870548273e-06
113 136 4.5122952903058344e-06
118 136 4.5122952903058344e-06
119 136 6.3232016870547206e-06
135 136 6.3232016870548451e-06
136 136 -2.167099395472123e-05
80 137 3.503878395224826e-06
118 137 2.8193232918299489e-06
135 137 4.5122952903058344e-06
137 137 -1.083549697736061e-05
111 138 2.8193232918298951e-06
118 138 3.5038783952248958e-06
119 138 4.5122952903058344e-06
138 138 -1.083549697736063e-05
139 139 -1.0857353108850859e-05
2372 139 1.120716179590698e-06
2375 139 -1.120716179590698e-06
2376 139 5.8172468502599242e-06
2381 139 1.9596950395001441e-06
2383 139 3.0804112190907929e-06
140 140 -2.1714706217701739e-05
2372 140 1.120716179590724e-06
2373 140 -1.1207161795906969e-06
2374 140 5.0401062585908994e-06
2378 140 -1.120716179590724e-06
2379 140 5.8172468502599242e-06
2388 140 1.1207161795906969e-06
2397 140 5.0401062585909976e-06
2401 140 5.8172468502599208e-06
141 141 -2.173079700403741e-05
142 141 -1.120716179590698e-06
2378 141 1.120716179590698e-06
2388 141 -1.1207161795906711e-06
2397 141 5.0401062585908994e-06
2398 141 1.1207161795906711e-06
2399 141 5.3828516083807569e-06
2400 141 5.3828516083807586e-06
2418 141 5.9249875286849961e-06
54 142 9.0263564149284406e-07
116 142 9.0263564149284406e-07
125 142 -6.845551033949387e-07
141 142 -1.120716179590698e-06
142 142 -2.1708940872547081e-05
143 142 6.3232016870547206e-06
145 142 4.5122952903058344e-06
2400 142 5.92498752868488e-06
2418 142 4.9484563665015914e-06
116 143 4.5122952903058344e-06
125 143 4.5122952903058344e-06
126 143 6.3232016870548451e-06
142 143 6.3232016870547206e-06
143 143 -2.167099395472123e-05
111 144 3.503878395224826e-06
125 144 2.8193232918299489e-06
126 144 4.5122952903058344e-06
144 144 -1.083549697736061e-05
54 145 2.8193232918298951e-06
125 145 3.5038783952248958e-06
142 145 4.5122952903058344e-06
145 145 -1.083549697736063e-05
116 146 6.3232016870548468e-06
117 146 6.3232016870547943e-06
126 146 4.5122952903058073e-06
130 146 4.5122952903058056e-06
146 146 -2.1670993954721251e-05
147 147 -1.1475399495783299e-05
2426 147 -1.924390783406344e-06
2430 147 9.5881599701645736e-07
2431 147 6.7686629252296071e-06
2448 147 9.5881599701645736e-07
2452 147 4.6932189918068507e-06
148 148 -2.2480756183844831e-05
2424 148 1.924390783406344e-06
2428 148 -1.924390783406344e-06
2429 148 6.7686629252296071e-06
2439 148 -1.3497200949759061e-06
2440 148 4.4717151666928154e-06
2443 148 1.3497200949759031e-06
2444 148 5.0463858551232616e-06
3919 148 6.1939922367991541e-06
149 149 -2.1854371244169e-05
150 149 6.8455510339496475e-07
158 149 -6.8455510339496517e-07
159 149 6.3232016870547553e-06
162 149 1.9235651493624621e-06
165 149 1.239010045967494e-06
2443 149 1.3497200949759031e-06
3918 149 4.8248820300092246e-06
3921 149 6.1939922367991643e-06
112 150 -6.845551033949386e-07
121 150 -6.8455510339496475e-07
122 150 6.8455510339496475e-07
149 150 6.8455510339496475e-07
150 150 -2.16709939547212e-05
153 150 6.3232016870547562e-06
155 150 4.5122952903058319e-06
159 150 4.512295290305859e-06
165 150 6.3232016870547223e-06
151 151 -2.1746887790373051e-05
152 151 -1.120716179590698e-06
2402 151 -1.120716179590724e-06
2403 151 1.120716179590724e-06
2404 151 5.9249875286849181e-06
2405 151 1.120716179590724e-06
2406 151 4.9484563665015939e-06
2407 151 4.9484563665015659e-06
2414 151 5.9249875286849444e-06
110 152 9.0263564149281812e-07
121 152 9.0263564149281801e-07
122 152 -6.8455510339496475e-07
151 152 -1.120716179590698e-06
152 152 -2.170894087254719e-05
153 152 6.3232016870547562e-06
156 152 4.5122952903058319e-06
2407 152 5.9249875286850596e-06
2414 152 4.9484563665015651e-06
121 153 4.512295290305859e-06
122 153 4.512295290305859e-06
150 153 6.3232016870547562e-06
152 153 6.3232016870547562e-06
153 153 -2.167099395472123e-05
112 154 6.845551033949387e-07
113 154 6.8455510339493838e-07
122 154 -6.8455510339496517e-07
134 154 -6.845551033949386e-07
154 154 -2.1670993954721291e-05
155 154 4.5122952903058353e-06
166 154 4.5122952903058056e-06
168 154 6.3232016870549188e-06
172 154 6.3232016870547553e-06
112 155 6.3232016870548273e-06
122 155 6.3232016870547553e-06
150 155 4.5122952903058319e-06
154 155 4.5122952903058353e-06
155 155 -2.1670993954721251e-05
110 156 6.3232016870548273e-06
122 156 6.3232016870547536e-06
123 156 4.5122952903058353e-06
152 156 4.5122952903058319e-06
156 156 -2.1670993954721251e-05
157 157 -1.0891016538533511e-05
158 157 -1.120716179590698e-06
2405 157 1.1207161795906719e-06
2411 157 4.9484563665015947e-06
2412 157 2.3977425137104039e-06
2413 157 3.5184586933011128e-06
46 158 9.0263564149284448e-07
121 158 9.0263564149284448e-07
149 158 -6.8455510339496517e-07
157 158 -1.120716179590698e-06
158 158 -2.1708940872547109e-05
159 158 4.5122952903058624e-06
162 158 6.3232016870547528e-06
2411 158 5.9249875286848792e-06
2413 158 4.948456366501593e-06
121 159 6.3232016870547536e-06
149 159 6.3232016870547553e-06
150 159 4.512295290305859e-06
158 159 4.5122952903058624e-06
159 159 -2.167099395472123e-05
160 160 -1.147539949578321e-05
2428 160 -1.92439078340625e-06
2430 160 9.5881599701641057e-07
2441 160 9.5881599701641057e-07
2442 160 6.7686629252295139e-06
2446 160 4.6932189918068618e-06
161 161 -2.2480756183844811e-05
162 161 1.3497200949759101e-06
2428 161 1.9243907834063508e-06
2441 161 -1.924390783406344e-06
2442 161 6.7686629252295902e-06
2443 161 -1.3497200949759031e-06
2444 161 4.4717151666928103e-06
2445 161 5.0463858551232506e-06
3921 161 6.193992236799149e-06
46 162 1.2390100459674969e-06
149 162 1.9235651493624621e-06
158 162 6.3232016870547528e-06
161 162 1.3497200949759101e-06
162 162 -2.185437124416899e-05
2445 162 6.193992236799149e-06
3921 162 4.8248820300092204e-06
163 163 -2.2037748533616769e-05
2437 163 1.3497200949759069e-06
2439 163 -1.3497200949759061e-06
3564 163 -1.3497200949759031e-06
3911 163 1.3497200949759069e-06
3912 163 6.1939922367991583e-06
3915 163 4.824882030009228e-06
3922 163 6.1939922367991541e-06
3923 163 4.8248820300092246e-06
164 164 -2.2037748533616779e-05
165 164 1.3497200949759039e-06
2439 164 1.3497200949759039e-06
2443 164 -1.3497200949759061e-06
3911 164 -1.3497200949759061e-06
3918 164 4.8248820300092314e-06
3919 164 6.1939922367991617e-06
3920 164 6.1939922367991617e-06
3923 164 4.8248820300092314e-06
112 165 1.923565149362471e-06
149 165 1.239010045967494e-06
150 165 6.3232016870547223e-06
164 165 1.3497200949759039e-06
165 165 -2.1854371244168959e-05
3918 165 6.1939922367991617e-06
3920 165 4.824882030009206e-06
113 166 6.3232016870548468e-06
134 166 6.3232016870547943e-06
135 166 4.5122952903058073e-06
154 166 4.5122952903058056e-06
166 166 -2.1670993954721251e-05
167 167 -2.2037748533616661e-05
168 167 1.3497200949758271e-06
3561 167 -1.3497200949758279e-06
3564 167 1.3497200949758271e-06
3911 167 -1.349720094975825e-06
3912 167 6.1939922367990787e-06
3913 167 4.8248820300092534e-06
3914 167 4.8248820300092534e-06
3917 167 6.1939922367990779e-06
112 168 1.239010045967509e-06
134 168 1.9235651493624049e-06
154 168 6.3232016870549188e-06
167 168 1.3497200949758271e-06
168 168 -2.185437124416902e-05
3914 168 6.1939922367990787e-06
3917 168 4.8248820300092814e-06
169 169 -1.0970024943280429e-05
3552 169 -9.7271718133438403e-07
3553 169 4.863585906672116e-07
3554 169 6.5221458269126134e-06
3558 169 4.8635859066722357e-07
3559 169 4.4478791163677693e-06
170 170 -2.19888992100889e-05
171 170 1.349720094975905e-06
3552 170 9.7271718133439673e-07
3558 170 -9.727171813343961e-07
3559 170 4.4478791163677176e-06
3560 170 6.1695675750352196e-06
3561 170 -1.3497200949759039e-06
3562 170 6.5465704886767266e-06
3916 170 4.8248820300092263e-06
80 171 1.9235651493624342e-06
134 171 1.239010045967469e-06
135 171 6.3232016870548273e-06
170 171 1.349720094975905e-06
171 171 -2.185437124416902e-05
3560 171 4.8248820300092263e-06
3916 171 6.1939922367991549e-06
113 172 4.512295290305859e-06
122 172 4.5122952903058624e-06
123 172 6.3232016870547536e-06
154 172 6.3232016870547553e-06
172 172 -2.167099395472123e-05
173 173 -1.08141579306319e-05
944 173 -7.7524414395847267e-07
947 173 3.797836739120223e-07
948 173 6.025970025715512e-06
955 173 3.797836739120223e-07
959 173 4.7568343126475244e-06
174 174 -2.2573227855500139e-05
190 174 -2.0833574488802951e-06
196 174 -7.7524414395848675e-07
197 174 3.807717952743168e-06
198 174 7.4280541888244158e-06
217 174 7.7524414395847267e-07
218 174 3.0324738087846668e-06
222 174 4.3623693283126717e-06
946 174 6.0259700257155298e-06
175 175 -1.181542696185176e-05
184 175 2.083357448880282e-06
193 175 -2.0833574488802812e-06
194 175 7.4280541888244294e-06
205 175 1.1332550785375281e-06
209 175 3.2166125274178012e-06
176 176 -1.173588540621529e-05
1111 176 -2.4873161898156919e-06
1114 176 1.2372232926545339e-06
1115 176 5.6773045432404217e-06
1120 176 1.2372232926545449e-06
1124 176 6.0328416539616131e-06
177 177 -2.2700395277486909e-05
1119 177 -2.4873161898156919e-06
1122 177 2.4873161898157131e-06
1123 177 6.0328416539616131e-06
1126 177 4.781022775602324e-06
1129 177 2.2937065857866181e-06
2241 177 -1.397424818148534e-06
2245 177 5.9194594158372621e-06
2262 177 5.0707896644475997e-06
178 178 -2.278067259742195e-05
216 178 -2.0833574488802812e-06
220 178 2.083357448880282e-06
221 178 4.3623693283126717e-06
228 178 1.397424818148534e-06
229 178 7.0167231176967091e-06
