# Created by Octave 5.1.0, Thu May 23 21:26:04 2019 -03 <pedrovdsc@pedrovdsc>
# name: M
# type: matrix
# rows: 5
# columns: 5
 4 1 2 0 0
 0 8 1 0 1
 1 1 10 2 0
 0 1 2 7 0
 1 1 2 0 15


