# Created by Octave 5.1.0, Fri May 24 20:45:55 2019 -03 <pedrovdsc@pedrovdsc>
# name: itersWH
# type: matrix
# rows: 19
# columns: 1
 1000
 577
 369
 270
 224
 191
 166
 150
 141
 135
 131
 127
 1000
 1000
 1000
 1000
 924
 796
 701


# name: itersWP
# type: matrix
# rows: 19
# columns: 1
 1000
 1000
 1000
 1000
 1000
 1000
 979
 798
 658
 546
 456
 381
 392
 379
 360
 388
 403
 444
 1000


# name: itersWR
# type: matrix
# rows: 19
# columns: 1
 1000
 1000
 1000
 1000
 1000
 1000
 1000
 1000
 1000
 1000
 1000
 1000
 1000
 1000
 1000
 1000
 1000
 1000
 1000


# name: resWH
# type: matrix
# rows: 19
# columns: 1
 0.001392461798887871
 0.00099869115304701398
 0.00099672649668244829
 0.0009983407417263094
 0.00099841182163238631
 0.0009989267607765453
 0.00099837332312662972
 0.00099912886660216281
 0.00099901258697301129
 0.00099715146676368537
 0.00099301297051381161
 0.00099580843457509893
 0.01
 0.01
 0.01
 0.01
 0.01
 0.01
 0.01


# name: resWP
# type: matrix
# rows: 19
# columns: 1
 0.019086471524934985
 0.0092506223572765452
 0.0054580982049598197
 0.0033982813362503105
 0.0021891855042276633
 0.0014229698681571302
 0.00099968978650434906
 0.00099900204930416332
 0.00099807811712640678
 0.00099940534860078287
 0.00099773847163766704
 0.00099902676901447674
 0.00099784121725102507
 0.00099725919606776805
 0.00099844837168481778
 0.00099852322317057324
 0.00099628694789292483
 0.00099984436172869231
 0.001315690546052676


# name: resWR
# type: matrix
# rows: 19
# columns: 1
 0.32211233690090268
 0.26865378990391553
 0.24474187687938287
 0.22966190583025775
 0.22165410917956513
 0.21755217283312356
 0.21381992222775192
 0.21073441633843104
 0.20875594755075641
 0.21849436521867344
 0.22742915735587127
 0.23529961292624663
 0.24150322522643811
 0.24472180222909024
 0.24219792360266992
 0.22837681138991084
 0.19457145961210573
 0.21516417905432014
 0.18929267230107341


# name: ws
# type: matrix
# rows: 19
# columns: 1
 0.10000000000000001
 0.20000000000000001
 0.30000000000000004
 0.40000000000000002
 0.5
 0.59999999999999998
 0.69999999999999996
 0.79999999999999993
 0.89999999999999991
 0.99999999999999989
 1.0999999999999999
 1.2
 1.3
 1.4000000000000001
 1.5000000000000002
 1.6000000000000003
 1.7000000000000004
 1.8000000000000005
 1.9000000000000006


