# Created by Octave 5.1.0, Thu May 23 23:49:26 2019 -03 <pedrovdsc@pedrovdsc>
# name: A
# type: sparse matrix
# nnz: 5786
# rows: 362
# columns: 362
1 1 0.06516455206440723
2 1 -0.032020907703941316
4 1 -0.033143644360465914
131 1 0.00012717581055392055
133 1 -0.00011246519647957197
134 1 -0.00010876232639141472
246 1 -0.00035302614197769343
247 1 -0.00012500322094457952
248 1 -0.00014181516213975672
1 2 -0.032020907703941316
2 2 0.16858234592611679
5 2 -0.042658264699687115
131 2 -0.00025053785980482684
132 2 -0.00031006276410080032
134 2 -0.00013998497142012878
135 2 -0.00014308897659876855
246 2 -0.00011608707317912461
247 2 0.00012500322094457952
248 2 3.5316110597923274e-21
249 2 -0.00015208825344706166
3 3 0.082034243153514042
4 3 -0.04094551847366236
9 3 -0.041539724707693682
133 3 -0.00041654467241709794
138 3 -0.00068513859233611555
139 3 -0.00068380539413157059
247 3 0.0001250032209445795
250 3 0.00041581814890663608
251 3 0.00040684191157079629
1 4 -0.033143644360465914
3 4 -0.04094551847366236
4 4 0.16545472238294115
5 4 -0.04378100135621172
10 4 -0.04810685809937424
131 4 -0.00012717581055392055
133 4 -0.00032612156594924999
134 4 -0.00033394288481251817
139 4 -0.00074461004373518392
140 4 -0.00074049632733815191
247 4 1.9377476844258742e-20
248 4 0.00014181516213975672
250 4 -0.00041581814890663608
251 4 1.7801566940830482e-05
252 4 0.00042552566069345676
2 5 -0.042658264699687115
4 5 -0.04378100135621172
5 5 0.17526721163103623
6 5 -0.041902135931007292
11 5 -0.04744087896353362
131 5 -0.00016368445578898141
132 5 -0.00013122863387216691
134 5 -0.00030055852745490449
135 5 -0.00029465287665583116
140 5 -0.00073451527775664617
141 5 -0.0007299260271414565
247 5 -0.00012500322094457955
248 5 -4.4357929501187053e-21
249 5 0.00015208825344706166
251 5 -0.0004246434785116268
252 5 -1.1878292348604018e-05
253 5 0.00040962677942005612
5 6 -0.041902135931007292
6 6 0.18763449959754952
12 6 -0.051089286403356145
132 6 -0.00015092966954681212
135 6 -0.00028527629271864847
136 6 -0.00029886427405443017
141 6 -0.00076123547695272501
142 6 -0.00076387477133501832
248 6 -0.00014181516213975672
249 6 -6.036399657660264e-21
252 6 -0.00041364736834485267
253 6 2.5789091895430901e-05
254 6 0.0004376415609066994
7 7 0.071825308962783732
8 7 -0.03385765909127636
14 7 -0.038796609941565773
137 7 -0.00092052463213695133
144 7 -0.001178447270432987
255 7 0.00086927466066776893
256 7 0.00086739410026191006
7 8 -0.03385765909127636
8 8 0.13091667213211666
9 8 -0.047364423663915918
15 8 -0.050779587538012393
137 8 -0.0010508544149849329
138 8 -0.0010566321327604268
144 8 -0.0013483093463792673
145 8 -0.0013530371294424755
250 8 0.00073560255452101073
255 8 -0.00086927466066776893
256 8 0.00016416802690135044
257 8 0.0010347727674638052
3 9 -0.041539724707693682
8 9 -0.047364423663915918
9 9 0.18548236169301852
10 9 -0.0487812580924286
16 9 -0.048374616497687109
133 9 0.00042111677000156378
138 9 -0.00034185807719560007
139 9 -0.00034545300318023528
145 9 -0.0013175558757297333
146 9 -0.0013142464003520029
250 9 9.4684968907363135e-06
251 9 0.00075391497128806512
256 9 -0.0010315621271632606
257 9 1.7643801654147965e-05
258 9 0.0010430338782883334
4 10 -0.04810685809937424
9 10 -0.0487812580924286
10 10 0.20445740459719053
11 10 -0.051849114458299053
17 10 -0.056397169147130395
133 10 0.00044340079945741611
134 10 0.00044756445334723205
139 10 -0.00035667409286080208
140 10 -0.00036401514907116858
146 10 -0.0014280240656885264
147 10 -0.0014184064404905356
250 10 -0.00074507105141174707
251 10 1.9051328785295231e-05
252 10 0.00077208589381559407
257 10 -0.0010524165691179533
258 10 3.5382474544900196e-05
259 10 0.0010739752592096045
5 11 -0.04744087896353362
10 11 -0.051849114458299053
11 11 0.21741968321176527
12 11 -0.056784616207208954
18 11 -0.062152348601839158
134 11 0.00044537901352792952
135 11 0.00044254661635064743
140 11 -0.00042064380030902012
141 11 -0.00042970183972980658
147 11 -0.0014931102981037886
148 11 -0.0014977081289456891
251 11 -0.0007729663000733604
252 11 3.0863750047253431e-05
253 11 0.0008069375500029119
258 11 -0.0010784163528332336
259 11 5.4223103477462072e-05
260 11 0.0011338592365903247
6 12 -0.051089286403356145
11 12 -0.056784616207208954
12 12 0.21901215827191173
13 12 -0.054413467680152608
19 12 -0.057390266641394072
135 12 0.00045478450015709696
136 12 0.00046070499593792695
141 12 -0.00035805527624741462
142 12 -0.00035215234722926807
148 12 -0.001433892598475244
149 12 -0.0014541999802246694
252 12 -0.00080294964386284722
253 12 -1.4288531178954077e-05
254 12 0.00079042894159714837
259 12 -0.0011281983626870663
260 12 -2.7109497677048848e-05
261 12 0.0011246442203262201
12 13 -0.054413467680152608
13 13 0.18589218983349745
20 13 -0.047531081879065559
136 13 0.00045522526998309758
142 13 -0.00028275950498074574
143 13 -0.00021370055410108307
149 13 -0.0013066424254897138
253 13 -0.00079264901882395778
254 13 -0.00011871591032190407
260 13 -0.0011067497389132758
261 13 -0.00024331126661894116
7 14 -0.038796609941565773
14 14 0.15765770588386951
15 14 -0.056179694341712327
23 14 -0.063834254738300983
137 14 0.00094062274635074077
144 14 -0.00061877815765422448
151 14 -0.0021347491174270724
152 14 -0.0021373497179434102
255 14 0.0014334844388619382
256 14 0.001433589058936633
262 14 0.0017376036686864104
263 14 0.0017416992677478365
8 15 -0.050779587538012393
14 15 -0.056179694341712327
15 15 0.2169795507034534
16 15 -0.051863822284557937
24 15 -0.058892858647338099
137 15 0.0010737980618109857
138 15 0.0010797019263811367
144 15 -0.00037735626361370484
145 15 -0.00036841958925881181
152 15 -0.002049297651337365
153 15 -0.002063912365483497
255 15 -0.0014334844388619382
256 15 -5.1336439883070362e-05
257 15 0.0013790581082579662
262 15 -0.0017376036686864104
263 15 -7.2152382643261921e-05
264 15 0.0016851459285046951
9 16 -0.048374616497687109
15 16 -0.051863822284557937
16 16 0.20381797486910017
17 16 -0.056124676142683433
25 16 -0.047899356743816561
138 16 0.0010571038655521202
139 16 0.00105940002135947
145 16 -0.00024756649764093812
146 16 -0.00026106798890058666
153 16 -0.0018479309618423482
154 16 -0.001847677718203248
256 16 -0.0013822526190535621
257 16 5.1926570633953837e-05
258 16 0.001440037590939975
263 16 -0.0016695468851045745
264 16 7.8985110718509166e-05
265 16 0.0017358076526328857
10 17 -0.056397169147130395
16 17 -0.056124676142683433
17 17 0.2448921170107721
18 17 -0.066999940150725468
26 17 -0.066213445448764605
139 17 0.0011336803006962515
140 17 0.0011369319650564021
146 17 -0.00039640332497962208
147 17 -0.00041673427662799654
154 17 -0.0021979985607676928
155 17 -0.002176931033718531
257 17 -0.0014309846788919201
258 17 0.00012274757657851536
259 17 0.0015670770750917352
264 17 -0.0017641310392232047
265 17 0.00017146684158638804
266 17 0.0019023119640979474
11 18 -0.062152348601839158
17 18 -0.066999940150725468
18 18 0.26116527765686981
19 18 -0.06286134895710857
27 18 -0.069987334161913772
140 18 0.0011886182894719998
141 18 0.001193133174242458
147 18 -0.00038785080425324475
148 18 -0.00037922832294696735
155 18 -0.002243013463716464
156 18 -0.0022487711673314361
258 18 -0.0015627851675184899
259 18 -4.4496466794684804e-05
260 18 0.0015169783448967182
265 18 -0.0019072744942192736
266 18 -6.3468208054086962e-05
267 18 0.0018537239914136719
12 19 -0.057390266641394072
18 19 -0.06286134895710857
19 19 0.22880235036143728
20 19 -0.050396670310454451
28 19 -0.058741398230756872
141 19 0.0011522665307556886
142 19 0.0011489612421725145
148 19 -0.00029845456410414488
149 19 -0.00026206085526766766
156 19 -0.0020469750874674412
157 19 -0.0020626811100785936
259 19 -0.0015225806082970505
260 19 -0.00013946451971291298
261 19 0.0013600624757648002
266 19 -0.0018388437560438607
267 19 -0.00020865191719902961
268 19 0.0016630541858295835
13 20 -0.047531081879065559
19 20 -0.050396670310454451
20 20 0.14334074786990972
29 20 -0.045810465165133644
142 20 0.0010625291044849287
143 20 0.0010375252291230654
149 20 -0.00022537246328437982
157 20 -0.0018068873298120278
260 20 -0.0013775138251838051
261 20 -0.0013600624757648002
267 20 -0.0016450720742146423
268 20 -0.0016630541858295835
21 21 0.11913912737853664
22 21 -0.058973444579784207
31 21 -0.062711052916451071
150 21 -0.0024034350388313784
158 21 -0.0026892746469047166
159 21 -0.0026876658392004488
269 21 0.0023795027500599281
270 21 0.0023779455870335041
21 22 -0.058973444579784207
22 22 0.20031556567549988
23 22 -0.069970702031250803
32 22 -0.074390859198670445
150 22 -0.00261598850330833
151 22 -0.0026177143365079336
159 22 -0.002927472927877494
160 22 -0.0029253359524801991
262 22 0.0022708585566560352
269 22 -0.0023795027500599281
270 22 0.00021395417163668203
271 22 0.0025896735078979115
14 23 -0.063834254738300983
22 23 -0.069970702031250803
23 23 0.2772312182063143
24 23 -0.066823974928728075
33 23 -0.077691083531902183
144 23 0.001881914798602121
151 23 -0.00046905827168163867
152 23 -0.00046531258719877317
160 23 -0.0029915726508361849
161 23 -0.0029948199331102073
262 23 -4.8946492186067315e-05
263 23 0.0022179507568896814
270 23 -0.0025918997586701861
271 23 -5.9905906634701881e-05
272 23 0.0025364625604454758
15 24 -0.058892858647338099
23 24 -0.066823974928728075
24 24 0.24775752584231264
25 24 -0.05497325733144269
34 24 -0.067919431648115175
144 24 0.0018118691199443648
145 24 0.0018076306619915004
152 24 -0.00038915631535777926
153 24 -0.00036817489930555274
161 24 -0.0027946215512146353
162 24 -0.0028089018713686339
262 24 -0.0022219120644699679
263 24 -0.00019191225998601977
264 24 0.002011447303663037
271 24 -0.002529767601263209
272 24 -0.0002412924767728209
273 24 0.002310856758719791
16 25 -0.047899356743816561
24 25 -0.05497325733144269
25 25 0.21126070342340503
26 25 -0.05798968517506177
35 25 -0.050915806688419073
145 25 0.0016454402556664389
146 25 0.0016558873187184921
153 25 -0.0002706428780546009
154 25 -0.00027859802542739296
162 25 -0.0024218586442323452
163 25 -0.0024202976702336252
263 25 -0.002026038496903661
264 25 5.4164843023983614e-05
265 25 0.0020899779681139126
272 25 -0.0022951700836726552
273 25 7.0935360520319962e-05
274 25 0.0023565995458901148
17 26 -0.066213445448764605
25 26 -0.05798968517506177
26 26 0.26147803780486512
27 26 -0.069201936403719355
36 26 -0.068720720683755801
146 26 0.0019156218878346688
147 26 0.001926464939804379
154 26 -0.00024370403443496307
155 26 -0.00027442883674376386
163 26 -0.0028335224347890778
164 26 -0.0028121550064163729
264 26 -0.0020656121466870207
265 26 0.00017124153617274727
266 26 0.0022661742506677211
273 26 -0.0023817921192401115
274 26 0.00022695780440113239
275 26 0.0025761938003672044
18 27 -0.069987334161913772
26 27 -0.069201936403719355
27 27 0.27973296397726405
28 27 -0.065898850190512281
37 27 -0.075443399881079745
147 27 0.0019754510830331
148 27 0.0019713998957647852
155 27 -0.00031914813009640143
156 27 -0.00031154995585669197
164 27 -0.0029535895898261657
165 27 -0.0029508386289731547
265 27 -0.0022612195042866598
266 27 -4.906813732398132e-05
267 27 0.0022028826279102639
274 27 -0.0025835573502912476
275 27 -6.3812452655359693e-05
276 27 0.002518437450733288
19 28 -0.058741398230756872
27 28 -0.065898850190512281
28 28 0.24531441473786947
29 28 -0.054224036592746792
38 28 -0.067281116653621784
148 28 0.0018206957766327535
149 28 0.0018045468862979985
156 28 -0.00037935422885717967
157 28 -0.00035781288362045767
165 28 -0.0027814560901239689
166 28 -0.002790238296859272
266 28 -0.0022171061133437401
267 28 -0.00018930723130394087
268 28 0.0019973614628848702
275 28 -0.0025123813477118452
276 28 -0.00023883584858322809
277 28 0.0022887728231370543
20 29 -0.045810465165133644
28 29 -0.054224036592746792
29 29 0.15225468402889494
39 29 -0.052885076352281638
149 29 0.0016110159900219348
157 29 -0.00034866268723457406
166 29 -0.0024680322185755906
167 29 -0.0025406346108650716
267 29 -0.0020135753966063234
268 29 -0.0019973614628848702
276 29 -0.0022796016021500594
277 29 -0.0022887728231370543
30 30 0.11704669687313811
31 30 -0.065031447715449775
41 30 -0.054697421068239285
158 30 -0.0027840805627440146
168 30 -0.0029954312885460102
269 30 0.002795905213135125
278 30 0.0031129931700895962
279 30 0.0030763448154446402
21 31 -0.062711052916451071
30 31 -0.065031447715449775
31 31 0.28432502026309681
32 31 -0.078833289579307755
42 31 -0.078968517830183535
150 31 0.002505114791193436
158 31 -0.00050279576444161114
159 31 -0.00051117778208544168
168 31 -0.0036273592431885406
169 31 -0.0036024073090414567
269 31 0.00028058594435600564
270 31 0.0030767027968026748
278 31 -0.0031129931700895962
279 31 0.00031762597908898104
280 31 0.0033940039799083489
22 32 -0.074390859198670445
31 32 -0.078833289579307755
32 32 0.31394589626322278
33 32 -0.082499625007758259
43 32 -0.078946189314303181
150 32 0.0027266605451571131
151 32 0.002728459391477321
159 32 -0.00026078944832389525
160 32 -0.00026908396740034
169 32 -0.0036018649912447007
170 32 -0.0035979806980888933
269 32 -0.0030764911574911306
270 32 6.8434219596636572e-05
271 32 0.0031472958834534658
279 32 -0.0033939707945336208
280 32 8.4386421918751023e-05
281 32 0.0034680769767121717
23 33 -0.077691083531902183
32 33 -0.082499625007758259
33 33 0.32427250512443762
34 33 -0.079173027225187334
44 33 -0.085830815044078829
151 33 0.0027859294163757723
152 33 0.0027848235582820392
160 33 -0.00033144627402879531
161 33 -0.00032522722292361352
170 33 -0.0037619415870277311
171 33 -0.0037551559136153614
270 33 -0.0031451370163993108
271 33 -6.0759699233204871e-05
272 33 0.0030804362764025074
280 33 -0.0034783904018271003
281 33 -7.3431878530442685e-05
282 33 0.0034012731743720973
24 34 -0.067919431648115175
33 34 -0.079173027225187334
34 34 0.28952725296562798
35 34 -0.064139636395015881
45 34 -0.079310888407015667
152 34 0.0026106998639487964
153 34 0.0026045564943260944
161 34 -0.00040686730013758437
162 34 -0.00038621445619872768
171 34 -0.0036035871841013727
172 34 -0.003619185481576716
271 34 -0.003086536184220261
272 34 -0.00029367084818294808
273 34 0.0027751300812317563
281 34 -0.0033946450981817292
282 34 -0.0003452204416838055
283 34 0.0030733032941283756
25 35 -0.050915806688419073
34 35 -0.064139636395015881
35 35 0.23497104933146523
36 35 -0.061697772065256409
46 35 -0.058954724762760015
153 35 0.002270498537360951
154 35 0.0022785177407385771
162 35 -0.00034899822676695173
163 35 -0.00034493575351383687
172 35 -0.0031103302325739008
173 35 -0.0031117561602071568
272 35 -0.0027867654282195584
273 35 -5.5092962637046946e-05
274 35 0.0027410386870809996
282 35 -0.0030560527326882925
283 35 -6.5038150969827442e-05
284 35 0.0030015375669154363
26 36 -0.068720720683755801
35 36 -0.061697772065256409
36 36 0.26776988789408973
37 36 -0.075082019739387384
47 36 -0.062423087562841581
154 36 0.0026190988405204421
155 36 0.0026284544613628591
163 36 9.2227329432566099e-06
164 36 -4.5806723066300331e-05
173 36 -0.0032088245321054559
174 36 -0.0032078517100646922
273 36 -0.0027200371185947094
274 36 0.00025992677767382145
275 36 0.0030081889914280687
283 36 -0.0030082651431585479
284 36 0.00034643942148602098
285 36 0.0033152267681636855
27 37 -0.075443399881079745
36 37 -0.075082019739387384
37 37 0.30071028380916415
38 37 -0.077169990688022327
48 37 -0.073423603053229078
155 37 0.0027461714931099365
156 37 0.0027444472595957465
164 37 -0.00011847343106560819
165 37 -0.00012519476869131668
174 37 -0.0035146517552721033
175 37 -0.0034817207296260486
274 37 -0.0030009654647548214
275 37 3.8700336102059486e-05
276 37 0.0030412173417308443
284 37 -0.0033479769884014565
285 37 4.9832487736707088e-05
286 37 0.0033648823102018425
28 38 -0.067281116653621784
37 38 -0.077169990688022327
38 38 0.28353937695700032
39 38 -0.066340853225610674
49 38 -0.07350547427812372
156 38 0.0025979839711577153
157 38 0.0025924312508586178
165 38 -0.00030335887522331889
166 38 -0.00028055837903299681
175 38 -0.0034838442528300809
176 38 -0.0034745388735900429
275 38 -0.0030468893275301277
276 38 -0.00021254367334357487
277 38 0.0028221000395533919
285 38 -0.003365059255900393
286 38 -0.00025830926731549935
287 38 0.0031129985277462461
29 39 -0.052885076352281638
38 39 -0.066340853225610674
39 39 0.22235828922818576
40 39 -0.037420686120111353
50 39 -0.066747376805003394
157 39 0.00230765539200437
166 39 -0.00047255594842563636
167 39 -0.00046341022643205446
176 39 -0.0033052106880651589
177 39 -0.0033171801838300704
276 39 -0.002828673668387269
277 39 -0.00064022870361258037
286 39 -0.003106573042886343
287 39 -0.00072391847424734359
288 39 0.0023515492691891346
39 40 -0.037420686120111353
40 40 0.069186156009852173
51 40 -0.033403459757008841
167 40 -0.0021665855951397989
177 40 -0.0024176103355154047
277 40 -0.0021818713359408122
287 40 -0.0023890800534989024
288 40 -0.0023515492691891346
30 41 -0.054697421068239285
41 41 0.16565061125356295
42 41 -0.068647366468462132
52 41 -0.041854970713649603
158 41 0.0029276419760415821
168 41 0.00020669026951160966
178 41 -0.0030003299008689146
278 41 0.0034411686744157031
279 41 0.0034681158762498018
289 41 0.00388073382918693
290 41 0.0037009473768889549
31 42 -0.078968517830183535
41 42 -0.068647366468462132
42 42 0.30701519147855016
43 42 -0.07888459772382049
53 42 -0.081030227742361863
158 42 0.0034763090418382411
159 42 0.0034833599412007494
168 42 -9.102639996091422e-05
169 42 -0.00012147555291123544
178 42 -0.0043209277897189773
179 42 -0.0041712964993876785
278 42 -0.0034411686744157031
279 42 0.00022403987232960231
280 42 0.0036921219343246212
289 42 -0.00388073382918693
290 42 0.00027064850403064167
291 42 0.0039710899613622013
32 43 -0.078946189314303181
42 43 -0.07888459772382049
43 43 0.32079005922276327
44 43 -0.082046556001469442
54 43 -0.081453340429457219
159 43 0.003482901497262695
160 43 0.0034892814865937522
169 43 -0.00013174063741093107
170 43 -0.00014024988806457707
179 43 -0.004182666757011246
180 43 -0.0041785863185517316
279 43 -0.0036921557485794041
280 43 6.9208644786485318e-05
281 43 0.0037717134542635386
290 43 -0.0039715958809195965
291 43 8.3377396901448039e-05
292 43 0.0040461106601582366
33 44 -0.085830815044078829
43 44 -0.082046556001469442
44 44 0.342876807389905
45 44 -0.086108576660132274
55 44 -0.089533963120258964
160 44 0.0036274584199510237
161 44 0.0036244778750967035
170 44 -0.00014938325232374786
171 44 -0.00015970231370400845
180 44 -0.0043889726814267472
181 44 -0.0043853621100719241
280 44 -0.0037613305791111061
281 44 8.5268830300234516e-05
282 44 0.0038504360535978528
291 44 -0.0040544673582636496
292 44 0.00010216329002499406
293 44 0.004149617390604707
34 45 -0.079310888407015667
44 45 -0.086108576660132274
45 45 0.32730181488366406
46 45 -0.074470378742152218
56 45 -0.088322699349358491
161 45 0.0034908997679003553
162 45 0.0034848339403616645
171 45 -0.00029252263648204191
172 45 -0.00027177261794647338
181 45 -0.0043542961446617831
182 45 -0.0043565964540446152
281 45 -0.0038569822845637728
282 45 -0.00025414942243210618
283 45 0.0035847350195090523
292 45 -0.0041482739501832316
293 45 -0.0002947109133744266
294 45 0.0038606123467535172
35 46 -0.058954724762760015
45 46 -0.074470378742152218
46 46 0.26685675602652881
47 46 -0.059411943776319219
57 46 -0.075239391358193894
162 46 0.0030214789035585077
163 46 0.0030154960387730714
172 46 -0.00049833179296118854
173 46 -0.00049595334899911296
182 46 -0.0040171817590367856
183 46 -0.0040195093903826239
282 46 -0.0035962866311657466
283 46 -0.00038140846320739889
284 46 0.0032101720604094837
293 46 -0.0038549064772302809
294 46 -0.00041314628082731906
295 46 0.0034468373125594951
36 47 -0.062423087562841581
46 47 -0.059411943776319219
47 47 0.24237505926295008
48 47 -0.059826755134525643
58 47 -0.060944819596128817
163 47 0.0030959914234647344
164 47 0.0031304386531392139
173 47 -1.6469749024850171e-05
174 47 -1.8113661626497083e-05
183 47 -0.0036208045010037624
184 47 -0.0036283320953443541
283 47 -0.003203326556301653
284 47 1.021051887677052e-05
285 47 0.0032533460572033253
294 47 -0.0034474660659261983
295 47 1.2645292758582606e-05
296 47 0.0034685127799279868
37 48 -0.073423603053229078
47 48 -0.059826755134525643
48 48 0.25970321675481817
49 48 -0.069171750638270246
59 48 -0.056705396397977205
164 48 0.0033618721754014782
165 48 0.0033659249016354332
174 48 0.00041604846458835452
175 48 0.00035128491366660412
184 48 -0.0034909498242740875
185 48 -0.0035081193494110631
284 48 -0.0032203825792862539
285 48 0.0002120953008549212
286 48 0.0034656233134771597
295 48 -0.0034594826053180789
296 48 0.00029533406843371563
297 48 0.0037317209297892773
38 49 -0.07350547427812372
48 49 -0.069171750638270246
49 49 0.28168821873975836
50 49 -0.074126007048546896
60 49 -0.06476113010718508
165 49 0.0033676238816321932
166 49 0.0033532734362294076
175 49 0.00015640291458288852
176 49 0.00013283339572761407
185 49 -0.0037851909275803388
186 49 -0.0037265353876032555
285 49 -0.0034654413580582463
286 49 0.00011237984632051791
287 49 0.0035717860280153574
296 49 -0.0037638468483617029
297 49 0.00014651021894093372
298 49 0.0038466929735230452
39 50 -0.066747376805003394
49 50 -0.074126007048546896
50 50 0.28321441147278198
51 50 -0.063935735569589217
61 50 -0.079462221901949626
166 50 0.0032020165601792444
167 50 0.0032719752813387014
176 50 -0.00039271699974830903
177 50 -0.00038243230234992422
186 50 -0.0041595396470069631
187 50 -0.0041353172236031728
286 50 -0.0035780031597976774
287 50 -0.00024257076000898717
288 50 0.0034298923902156267
297 50 -0.0038782311487302115
298 50 -0.00027205207874168429
299 50 0.0035809630261321159
40 51 -0.033403459757008841
50 51 -0.063935735569589217
51 51 0.15807443399424573
62 51 -0.06255430707253079
167 51 0.0022783058140984987
177 51 -0.00089806292670834172
187 51 -0.0036670260638269965
188 51 -0.0036883348693730889
287 51 -0.0033292152680063705
288 51 -0.0034298923902156267
298 51 -0.0035746408947813606
299 51 -0.0035809630261321159
41 52 -0.041854970713649603
52 52 0.097492643843041668
53 52 -0.053125839929263466
168 52 0.0031198304182017498
178 52 0.003180388042777575
289 52 0.0034801979315589658
290 52 0.0036021511673237127
300 52 0.003686149309329056
42 53 -0.081030227742361863
52 53 -0.053125839929263466
53 53 0.27262939308841194
54 53 -0.08359778751325582
64 53 -0.053393116041760287
168 53 0.0041398065770692554
169 53 0.0041442698347022395
178 53 0.0010037231238903129
179 53 0.00070604297732980664
189 53 -0.0037843197689629115
289 53 -0.0034801979315589658
290 53 0.0007599976121089539
291 53 0.004362663914459556
300 53 0.0011176454951549045
301 53 0.0046315586051568162
43 54 -0.081453340429457219
53 54 -0.08359778751325582
54 54 0.33405696996407913
55 54 -0.089058993703633668
65 54 -0.080131922879624437
169 54 0.0041545464487627122
170 54 0.0041592366486295088
179 54 4.5039571771865558e-05
180 54 2.7296781283761428e-05
189 54 -0.0048429352786585143
190 54 -0.0046055667844001674
290 54 -0.0043621487794326657
291 54 0.00013585313629177058
292 54 0.0045067494681192656
300 54 -0.0048037948044839605
301 54 0.00016350546933500417
302 54 0.0047666876597730907
44 55 -0.089533963120258964
54 55 -0.089058993703633668
55 55 0.36464324231534184
56 55 -0.09177640547952215
66 55 -0.094909620198022626
170 55 0.0043516808179375165
171 55 0.0043550553516551009
180 55 -0.00011008241808410295
181 55 -0.00011644971532793043
190 55 -0.0050409248253385861
191 55 -0.0050214095891807997
291 55 -0.0044985170507513264
292 55 6.4475852597235497e-05
293 55 0.0045698597230022474
301 55 -0.0047950640744918206
302 55 7.4756133047970956e-05
303 55 0.0048478370135832081
45 56 -0.088322699349358491
55 56 -0.09177640547952215
56 56 0.35983280787711852
57 56 -0.089700971242921243
67 56 -0.090459411475709572
171 56 0.004326897103705183
172 56 0.0043222888113744447
181 56 -4.2469269507941954e-05
182 56 -3.6770304242407887e-05
191 56 -0.0048959986789015248
192 56 -0.0048998004884920803
292 56 -0.0045712253207164993
293 56 -4.958020917674994e-05
294 56 0.0045159899710395593
302 56 -0.0048414437928210614
303 56 -5.8482858350536258e-05
304 56 0.0047900767352284006
46 57 -0.075239391358193894
56 57 -0.089700971242921243
57 57 0.33133955818819061
58 57 -0.077600134337993829
68 57 -0.089980591549891076
172 57 0.0039952375033789284
173 57 0.0039943057646341278
182 57 -0.00038491884834242234
183 57 -0.0003750568160476146
192 57 -0.0048860924237026917
193 57 -0.0048828590261913284
293 57 -0.0045202795138254981
294 57 -0.00031320473250846635
295 57 0.004206524919635103
303 57 -0.0047893541552326722
304 57 -0.00034189085044054581
305 57 0.0044522353082373086
47 58 -0.060944819596128817
57 58 -0.077600134337993829
58 58 0.27456411991914159
59 58 -0.057487769511272185
69 58 -0.07993476173369915
173 58 0.0035942464606032965
174 58 0.0035949046510406111
183 58 -0.00053523027975859447
184 58 -0.00054694859084098335
193 58 -0.0045992399764020388
194 58 -0.0046065700101833246
294 58 -0.0042027852385310921
295 58 -0.0005784026649272786
296 58 0.0036188842430137291
304 58 -0.0044481858847878544
305 58 -0.00060289514811076529
306 58 0.0038385904129034664
48 59 -0.056705396397977205
58 59 -0.057487769511272185
59 59 0.22100736355939743
60 59 -0.051032817266928633
70 59 -0.055918656434802934
174 59 0.0034766688074582982
175 59 0.0035086116920176025
184 59 3.6414214962902446e-05
185 59 6.4162154262005066e-05
194 59 -0.0038734636644346095
195 59 -0.0038479992988845169
295 59 -0.003628122254707824
296 59 -0.00019244932098352172
297 59 0.0034594806368979918
305 59 -0.0038493401601265441
306 59 -0.00023134555659770685
307 59 0.0036090412827912257
49 60 -0.06476113010718508
59 60 -0.051032817266928633
60 60 0.23954556428293444
61 60 -0.069588606416199586
71 60 -0.053674774821653511
175 60 0.0037175561346960251
176 60 0.0037321676760153901
185 60 0.00043015215544239609
186 60 0.00030555683693559148
195 60 -0.0037683716273906715
196 60 -0.003776947846671081
296 60 -0.0034264349220302086
297 60 0.00051767568218584383
298 60 0.0040076476952226976
306 60 -0.0036072448563057601
307 60 0.00067879839431876339
308 60 0.0042154916788532436
50 61 -0.079462221901949626
60 61 -0.069588606416199586
61 61 0.31231767575697111
62 61 -0.078699410946362999
72 61 -0.085192392291706123
176 61 0.0041005123482760709
177 61 0.0041029525048020656
186 61 -0.00010499577487088376
187 61 -0.00012772972993390074
196 61 -0.0048101978640754323
197 61 -0.0047479260274243228
297 61 -0.0039771563190838365
298 61 0.0002294626060861965
299 61 0.0042347393036279244
307 61 -0.0042878396771099895
308 61 0.00026454698425464518
309 61 0.0044799896170861515
51 62 -0.06255430707253079
61 62 -0.078699410946362999
62 62 0.28021879879259237
63 62 -0.055324393146001724
73 62 -0.08528627855167055
177 62 0.0036468018265081855
187 62 -0.00062656003949677398
188 62 -0.00065855637112538382
197 62 -0.0047505860108421789
198 62 -0.0048683599110877591
298 62 -0.0042371103013088959
299 62 -0.00066352743789346641
308 62 -0.0044800386631078911
309 62 -0.00067835785925803439
310 62 0.0039852288790127033
62 63 -0.055324393146001724
63 63 0.084442031948483307
74 63 -0.031085740674216336
188 63 -0.0028911659241144553
198 63 -0.0029821958707307622
299 63 -0.0035712118657344602
309 63 -0.0038016317578281169
310 63 -0.0039852288790127033
53 64 -0.053393116041760287
64 64 0.10427151957977558
65 64 -0.047269488257062557
178 64 0.0038182572414916581
179 64 0.0039667261802463563
189 64 0.004040107227247609
300 64 0.0036790710571547275
301 64 0.0038432520357725244
54 65 -0.080131922879624437
64 65 -0.047269488257062557
65 65 0.21818537327814619
66 65 -0.085367733563486342
179 65 0.0046852750008464644
180 65 0.0046995993801915523
189 65 0.0051702760376834437
190 65 0.0049168634753943823
300 65 -0.0036790710571547275
301 65 0.0010684239613264175
302 65 0.004939744786403388
311 65 0.0052417476597820672
55 66 -0.094909620198022626
65 66 -0.085367733563486342
66 66 0.33980708034158918
67 66 -0.093296097688027602
75 66 -0.064262373571212575
180 66 0.0050843501734719621
181 66 0.0050870619041522274
190 66 0.00099384423840715537
191 66 0.00093033859793575967
199 66 -0.0055686224589436414
301 66 -0.0049116759970989398
302 66 0.00020430072021506316
303 66 0.0051374627388850519
311 66 0.00029129575663696717
312 66 0.0056865555949507591
56 67 -0.090459411475709572
66 67 -0.093296097688027602
67 67 0.32959342289164284
68 67 -0.090399388165913294
76 67 -0.052988461853876859
181 67 0.0049729248899389499
182 67 0.0049694438929770235
191 67 0.0010921900744584861
192 67 0.0011171002184143216
199 67 -0.0047901397048155823
200 67 -0.0041203406946403514
302 67 -0.0051440455066184502
303 67 -7.6457394771456888e-05
304 67 0.0050602565290117528
311 67 -0.0055330434164190334
312 67 -0.00011720421817234392
313 67 0.0053114001382666672
57 68 -0.089980591549891076
67 68 -0.090399388165913294
68 68 0.35779875367098424
69 68 -0.092955308332484721
77 68 -0.084204383600348903
182 68 0.0049570220712790922
183 68 0.0049491275389603453
192 68 0.00027058834592337089
193 68 0.00026027336660201838
200 68 -0.0055251852745811514
201 68 -0.0051344722860912654
303 68 -0.0050610053441135956
304 68 6.7641665172473673e-05
305 68 0.0051245750599971055
312 68 -0.0055693513767784168
313 68 8.2036832925962887e-05
314 68 0.0053678597094995069
58 69 -0.07993476173369915
68 69 -0.092955308332484721
69 69 0.3468032853465573
70 69 -0.079514175221220743
78 69 -0.095607509205562394
183 69 0.0046689287661497462
184 69 0.0046899578156108642
193 69 -0.0003421923615607997
194 69 -0.00033263499259515944
201 69 -0.0054978146023274459
202 69 -0.0054851504697209421
304 69 -0.0051278981941842265
305 69 -0.00037740657967223041
306 69 0.0047724999689094097
313 69 -0.0053934369711926295
314 69 -0.00040487301503287283
315 69 0.0049825724985678279
59 70 -0.055918656434802934
69 70 -0.079514175221220743
70 70 0.26663760106326928
71 70 -0.058836279912840794
79 70 -0.073684219562300188
184 70 0.0039116946099786538
185 70 0.0039015012225490113
194 70 -0.00049234863229581248
195 70 -0.00050556499834246687
202 70 -0.0048031178110714634
203 70 -0.0048047083036620777
305 70 -0.0047471684803248758
306 70 -0.00069417568235703719
307 70 0.004076559120259237
314 70 -0.0049629866944666335
315 70 -0.00070949287739526326
316 70 0.0042743375722704164
60 71 -0.053674774821653511
70 71 -0.058836279912840794
71 71 0.23952480086493283
72 71 -0.068939681983052628
80 71 -0.058490819912672035
185 71 0.003824324413803498
186 71 0.0038909631447021694
195 71 -8.8696774312118214e-05
196 71 -0.00011209224531930928
203 71 -0.0042834707521916485
204 71 -0.0042974720654485208
306 71 -0.0040783242865523725
307 71 0.00034619751677367595
308 71 0.0044709488844489652
315 71 -0.0042730796211725647
316 71 0.00038909238697070012
317 71 0.0046321312982525514
61 72 -0.085192392291706123
71 72 -0.068939681983052628
72 72 0.33615862959401266
73 72 -0.0923037992704175
81 72 -0.090202061562675531
186 72 0.0048192794086445298
187 72 0.004816138423082315
196 72 2.3288331858953848e-05
197 72 -4.0133397204016704e-05
204 72 -0.0053432888291732976
205 72 -0.0053087977108127651
307 72 -0.0044227566370329124
308 72 0.00063546318985749275
309 72 0.0051064598845772377
316 72 -0.0046634299592411138
317 72 0.00072455289785388981
318 72 0.0053440167556535485
62 73 -0.08528627855167055
72 73 -0.0923037992704175
73 73 0.34062898408142778
74 73 -0.06118171253628283
82 73 -0.10323112859035102
187 73 0.0048187387499711931
188 73 0.0048770120924217647
197 73 -0.00038090644663746874
198 73 -0.00036926872985833779
205 73 -0.0056911164139970775
206 73 -0.0056967434723403316
308 73 -0.005106412074306458
309 73 -0.00084600037228841143
310 73 0.0043228374168334345
317 73 -0.0053566841961064414
318 73 -0.00090217818768602526
319 73 0.0043811040706375542
63 74 -0.031085740674216336
73 74 -0.06118171253628283
74 74 0.14481542967303643
83 74 -0.054194458140736083
188 74 0.0030865838666661849
198 74 -0.00079446228606203876
206 74 -0.0042377832570303043
207 74 -0.0041181343675481662
309 74 -0.0042604595122888254
310 74 -0.0043228374168334345
318 74 -0.0044418385679675229
319 74 -0.0043811040706375542
66 75 -0.064262373571212575
75 75 0.087324924162168027
76 75 -0.018288608438255086
190 75 0.0047137661934034559
191 75 0.0047596075169031565
199 75 0.0059823059258290586
311 75 0.0030790741391545588
312 75 0.0029168109121820748
320 75 0.002605227266731638
67 76 -0.052988461853876859
75 76 -0.018288608438255086
76 76 0.13183761566780089
77 76 -0.043055155349263401
85 76 -0.014656213913415105
191 76 0.0044418984791696698
192 76 0.0044194981020928472
199 76 0.0029019608738215857
200 76 0.0018102819847032349
208 76 -0.0026076784405088334
311 76 -0.0030790741391545588
312 76 0.00093278791433917829
313 76 0.0040949867167059204
320 76 0.0020549465700624961
321 76 0.0040395718651411987
68 77 -0.084204383600348903
76 77 -0.043055155349263401
77 77 0.28878881066479328
78 77 -0.085890523500344096
86 77 -0.074942856822390325
192 77 0.0053131741057170405
193 77 0.0053205469806147801
200 77 0.00080761389985686501
201 77 0.00047254138037644712
208 77 -0.0053929970192043621
209 77 -0.0051813114908100073
312 77 -0.0038495988265212526
313 77 0.0012798034048717964
314 77 0.0054010367859874363
320 77 -0.0046601738367941332
321 77 0.0015717495856172219
322 77 0.0055748144539996573
69 78 -0.095607509205562394
77 78 -0.085890523500344096
78 78 0.37647233499241728
79 78 -0.090101183507633686
87 78 -0.10560470587910017
193 78 0.0056424859053182171
194 78 0.0056406253583504646
201 78 -4.163849147331205e-05
202 78 -5.0180140739512103e-05
209 78 -0.0061739144134705486
210 78 -0.0061425032902226806
313 78 -0.0053747901215777157
314 78 0.00011806258322093046
315 78 0.0055050550327474281
321 78 -0.0056113214507584218
322 78 0.00013015309880270621
323 78 0.0057082471452093381
70 79 -0.073684219562300188
78 79 -0.090101183507633686
79 79 0.32920651963586439
80 79 -0.074091421282115003
88 79 -0.092735225631173868
194 79 0.004971403494224925
195 79 0.0049563965767578742
202 79 -0.00041221152584400864
203 79 -0.00041462802263892042
210 79 -0.0057541550262283445
211 79 -0.0057583884409740417
314 79 -0.0055190993692083674
315 79 -0.00051133526539564093
316 79 0.0049968502698796201
322 79 -0.0057049675528023638
323 79 -0.00052809066222588225
324 79 0.0051794846376902745
71 80 -0.058490819912672035
79 80 -0.074091421282115003
80 80 0.28592000934114542
81 80 -0.080176056347593935
89 80 -0.074330619412537491
195 80 0.0044172348718418686
196 80 0.0044522044264590751
203 80 -0.00039002314466432802
204 80 -0.00038952467937546727
211 80 -0.0051600661718143133
212 80 -0.0051662903120122967
315 80 -0.0049937197673517878
316 80 0.00021812165751986602
317 80 0.005221354567232263
323 80 -0.0051801564829834562
324 80 0.00022417988026787167
325 80 0.0053918066087619834
72 81 -0.090202061562675531
80 81 -0.080176056347593935
81 81 0.37304828179967631
82 81 -0.10127562737313298
90 81 -0.10228113136847068
196 81 0.0054918020742797894
197 81 0.005488515667396783
204 81 -0.00011942479309085198
205 81 -0.00015128402358581308
212 81 -0.0060598082743764173
213 81 -0.0060456363270236218
316 81 -0.0052149719273994859
317 81 0.00060907882606918006
318 81 0.0058425848021165976
324 81 -0.0054036645179581467
325 81 0.00066270742584276557
326 81 0.006051587619835287
73 82 -0.10323112859035102
81 82 -0.10127562737313298
82 82 0.40741605894708666
83 82 -0.098510935774940092
91 82 -0.10448018818753384
197 82 0.0058576549030729293
198 82 0.0059802276371732355
205 82 0.00019969531937130295
206 82 0.00020846005419678654
213 82 -0.0061132266443210724
214 82 -0.0064309166486308184
317 82 -0.0058304333933014403
318 82 -7.460182691765734e-05
319 82 0.0059219392211132199
325 82 -0.00605451403460475
326 82 -8.5916325071621621e-05
327 82 0.006270017929856167
74 83 -0.054194458140736083
82 83 -0.098510935774940092
83 83 0.26649776167015854
84 83 -0.05591849031658766
92 83 -0.058162553936016506
198 83 0.0042737647849037576
206 83 -8.3050764416186395e-05
207 83 1.2086018732529817e-05
214 83 -0.0045576817719006563
318 83 -0.0057679829751989403
319 83 -0.0015862193545899226
326 83 -0.0059656712947636645
327 83 -0.0017740130680908908
83 84 -0.05591849031658766
84 84 0.05591849031658766
319 84 -0.0043357198665232976
327 84 -0.004496004861765276
76 85 -0.014656213913415105
85 85 0.0981010019396691
86 85 -0.046547029259859485
93 85 -0.038765582372863178
199 85 0.002423838487271865
200 85 0.002825777287851992
208 85 -0.0010446806658830023
215 85 -0.004196370112464716
320 85 0.0048297718810260248
321 85 0.0044172149962287167
328 85 0.0044076165719491925
329 85 0.0045638543176157193
77 86 -0.074942856822390325
85 86 -0.046547029259859485
86 86 0.3101740717539434
87 86 -0.094808025674257154
94 86 -0.095354252674617362
200 86 0.0055389236181560874
201 86 0.0054474736896905681
208 86 -0.0004454749642150688
209 86 -0.0004033903424179474
215 86 -0.0061699291604334506
216 86 -0.0061530213890788766
320 86 -0.0048297718810260248
321 86 0.0016394649780447565
322 86 0.0060796561311359911
328 86 -0.0044076165719491925
329 86 0.0016683392936714528
330 86 0.0062251664332755446
78 87 -0.10560470587910017
86 87 -0.094808025674257154
87 87 0.41957106194832472
88 87 -0.109113578302686
95 87 -0.11023367530054444
201 87 0.0064244643536586574
202 87 0.0064189953659259374
209 87 0.00022486308776062427
210 87 0.00018439122663785562
216 87 -0.0066212250628471768
217 87 -0.0066533993149810022
321 87 -0.0060566799742734732
322 87 0.00040938694139846133
323 87 0.0064868833243491722
329 87 -0.0062321936112871706
330 87 0.00045994470494615196
331 87 0.0067127774263217744
79 88 -0.092735225631173868
87 88 -0.109113578302686
88 88 0.39446886582674207
89 88 -0.094011773216637062
96 88 -0.098942302422011214
202 88 0.0060186263532569038
203 88 0.0060230820348003804
210 88 7.8913952276311498e-05
211 88 0.00011369155807706872
217 88 -0.0062754603923871333
218 88 -0.0062774443974016863
322 88 -0.0064890430725344532
323 88 -0.00046118744499754446
324 88 0.0060311483734769647
330 88 -0.0066851111382216985
331 88 -0.00051250249299343987
332 88 0.0062091150297999571
80 89 -0.074330619412537491
88 89 -0.094011773216637062
89 89 0.35709898353606329
90 89 -0.097223774655850317
97 89 -0.092864585502956315
203 89 0.0053916781289988112
204 89 0.0054073864022533818
211 89 -0.00035049555509188135
212 89 -0.00035065458452991627
218 89 -0.006072905708763442
219 89 -0.0060705033345097694
323 89 -0.0060256958793516273
324 89 0.0001095627279395752
325 89 0.0061402330778794704
331 89 -0.0062002749333283352
332 89 0.00011251457826777472
333 89 0.006302941956999584
81 90 -0.10228113136847068
89 90 -0.097223774655850317
90 90 0.41085277232760287
91 90 -0.10517280342768481
98 90 -0.10632343333093566
204 90 0.0063291766708536475
205 90 0.0063235663008385278
212 90 0.00021797271337216988
213 90 0.00019530335985091135
219 90 -0.0065139285284080556
220 90 -0.0065889120198511543
324 90 -0.0061407111014165402
325 90 0.00023114648255836761
326 90 0.0063744503824491516
332 90 -0.0063216296080677329
333 90 0.00026023020308713871
334 90 0.006637738213339091
82 91 -0.10448018818753384
90 91 -0.10517280342768481
91 91 0.35751735347142305
92 91 -0.060744615453356798
99 91 -0.085454164392012352
205 91 0.0063880943709994217
206 91 0.0063851568003950769
213 91 0.00085941048611468021
214 91 0.0012357811418769922
220 91 -0.0058336667199486844
325 91 -0.0063713795604378384
326 91 -0.0012782406048111863
327 91 0.0048407611385035696
333 91 -0.0065631721600867225
334 91 -0.0016223707679734992
83 92 -0.058162553936016506
91 92 -0.060744615453356798
92 92 0.12356758477914573
206 92 0.005007094525353817
207 92 0.0047654979054062869
214 92 0.0049228770536418496
326 92 -0.0050962097776379644
327 92 -0.0048407611385035696
334 92 -0.0050153674453655922
85 93 -0.038765582372863178
93 93 0.21802606913435363
94 93 -0.090728976506161171
101 93 -0.092854332958710803
208 93 0.0041901327086160244
215 93 -0.0016542931329646851
221 93 -0.006338463680947295
222 93 -0.0063638312356374465
328 93 0.0066876022213426083
329 93 0.0062694573003446189
335 93 0.0064051532787075746
336 93 0.0064243074995029795
